0.269899,0.118403,0.476355,0.135343
0.26969,0.123729,0.471846,0.134736
0.269568,0.128848,0.467436,0.134148
0.269544,0.133732,0.463143,0.133581
0.269608,0.138374,0.458986,0.133032
0.269729,0.142793,0.454976,0.132501
0.269871,0.147007,0.451136,0.131986
0.26999,0.151076,0.447459,0.131475
0.270057,0.155115,0.44388,0.130948
0.270061,0.159198,0.44035,0.130392
0.270011,0.163311,0.436875,0.129802
0.269933,0.16738,0.433501,0.129186
0.269851,0.171312,0.430271,0.128566
0.269766,0.175104,0.427172,0.127958
0.269635,0.178898,0.424124,0.127343
0.269404,0.182853,0.421047,0.126696
0.269052,0.187004,0.41793,0.126014
0.268606,0.191262,0.414813,0.125318
0.268118,0.19549,0.411754,0.124638
0.267625,0.199578,0.408803,0.123993
0.267142,0.203496,0.405983,0.123379
0.266662,0.207279,0.403279,0.12278
0.266184,0.210944,0.400678,0.122194
0.265725,0.214466,0.398178,0.121631
0.265288,0.217859,0.39576,0.121093
0.264849,0.221198,0.393383,0.120569
0.264388,0.22453,0.391036,0.120047
0.2639,0.227831,0.38875,0.11952
0.263412,0.231037,0.386554,0.118998
0.262966,0.234093,0.38445,0.118491
0.262595,0.236994,0.382411,0.117999
0.262314,0.23978,0.380398,0.117508
0.262112,0.242492,0.37839,0.117006
0.261966,0.245129,0.376412,0.116493
0.261852,0.24766,0.374507,0.115981
0.261752,0.250077,0.372692,0.11548
0.26167,0.252398,0.370941,0.114991
0.261643,0.254631,0.369224,0.114502
0.2617,0.256764,0.367531,0.114005
0.261842,0.258764,0.365894,0.1135
0.262042,0.260614,0.364352,0.112991
0.262269,0.262338,0.362911,0.112481
0.262501,0.263976,0.36155,0.111973
0.262725,0.265559,0.36025,0.111465
0.262941,0.267102,0.359004,0.110952
0.26315,0.268608,0.35781,0.110431
0.263358,0.270068,0.356667,0.109907
0.263566,0.271461,0.355578,0.109395
0.26378,0.27277,0.354549,0.108902
0.264013,0.273979,0.353583,0.108424
0.264285,0.275081,0.352681,0.107953
0.2646,0.27609,0.351828,0.107482
0.264953,0.277033,0.351006,0.107008
0.265348,0.277918,0.350207,0.106528
0.265795,0.278731,0.349429,0.106045
0.266305,0.279452,0.348674,0.105569
0.266871,0.280075,0.347952,0.105102
0.267465,0.280623,0.34727,0.104642
0.268043,0.281155,0.346617,0.104186
0.268567,0.281748,0.345949,0.103735
0.269031,0.282452,0.345226,0.10329
0.269451,0.28325,0.344443,0.102856
0.269853,0.284072,0.343637,0.102438
0.270254,0.284856,0.342854,0.102036
0.270649,0.285595,0.342112,0.101644
0.271019,0.28632,0.341399,0.101261
0.271346,0.287072,0.340698,0.100884
0.271622,0.287878,0.339998,0.100502
0.271855,0.288739,0.339302,0.100105
0.272056,0.289623,0.338626,0.099695
0.272241,0.290488,0.33799,0.099281
0.272422,0.291298,0.337408,0.098872
0.272611,0.292037,0.336884,0.098468
0.272812,0.292696,0.336416,0.098077
0.273018,0.293265,0.336008,0.097708
0.273221,0.293736,0.335665,0.097379
0.27341,0.2941,0.335385,0.097105
0.273582,0.294359,0.335169,0.09689
0.273738,0.294524,0.33502,0.096717
0.273889,0.294613,0.334939,0.096558
0.274047,0.29465,0.33491,0.096393
0.274219,0.294664,0.334894,0.096223
0.274399,0.294683,0.334868,0.09605
0.274565,0.294716,0.33484,0.095878
0.274699,0.294759,0.334827,0.095715
0.274806,0.294788,0.334835,0.095571
0.2749,0.294784,0.334865,0.095451
0.27498,0.294774,0.334905,0.09534
0.275036,0.294801,0.334929,0.095233
0.275066,0.294868,0.334923,0.095142
0.275075,0.294951,0.334891,0.095083
0.275068,0.295023,0.334853,0.095055
0.275053,0.295071,0.334829,0.095046
0.275032,0.295111,0.334818,0.095039
0.274994,0.295186,0.334801,0.09502
0.274929,0.295337,0.334749,0.094985
0.274838,0.295574,0.334649,0.094939
0.274731,0.295867,0.33451,0.094891
0.27462,0.296161,0.334371,0.094848
0.274506,0.296405,0.334278,0.094811
0.274386,0.296587,0.33425,0.094778
0.274249,0.296758,0.334251,0.094742
0.27408,0.297013,0.334215,0.094693
0.273874,0.297411,0.334097,0.094618
0.273649,0.297941,0.333894,0.094516
0.273439,0.298532,0.333635,0.094394
0.273272,0.2991,0.333363,0.094265
0.273136,0.299604,0.333122,0.094139
0.272998,0.300049,0.332936,0.094018
0.272842,0.300442,0.332813,0.093903
0.272679,0.300777,0.332748,0.093797
0.272513,0.301066,0.332718,0.093703
0.272338,0.301335,0.332707,0.09362
0.272147,0.301596,0.332711,0.093546
0.271938,0.301834,0.332757,0.093471
0.271712,0.302026,0.332872,0.093391
0.271485,0.302152,0.333055,0.093308
0.271273,0.302223,0.333275,0.093229
0.271083,0.302265,0.333501,0.093152
0.27092,0.302277,0.333729,0.093074
0.27079,0.302239,0.333975,0.092996
0.270699,0.302138,0.334247,0.092917
0.270636,0.301977,0.334548,0.092839
0.27059,0.301762,0.33488,0.092768
0.270554,0.301496,0.33524,0.09271
0.270545,0.301176,0.335618,0.092661
0.270599,0.300775,0.336011,0.092614
0.270747,0.300271,0.336423,0.09256
0.270978,0.299696,0.336839,0.092487
0.271255,0.299111,0.337238,0.092396
0.271536,0.29855,0.337617,0.092298
0.271798,0.298005,0.337991,0.092206
0.272059,0.297434,0.338385,0.092122
0.272354,0.296799,0.338806,0.092041
0.272702,0.296098,0.339246,0.091954
0.273094,0.295355,0.339692,0.091859
0.273515,0.294582,0.340146,0.091758
0.273952,0.293781,0.340613,0.091655
0.274402,0.292959,0.34109,0.091549
0.274855,0.29215,0.341557,0.091437
0.275288,0.29142,0.341981,0.091311
0.275673,0.290833,0.342328,0.091166
0.275989,0.290407,0.342599,0.091005
0.276236,0.290106,0.342822,0.090835
0.276442,0.289858,0.343039,0.090661
0.27664,0.289591,0.343282,0.090488
0.276841,0.289256,0.343577,0.090325
0.277034,0.288844,0.343935,0.090187
0.277203,0.288375,0.344345,0.090077
0.277358,0.287848,0.344799,0.089995
0.277517,0.287258,0.345294,0.089931
0.277678,0.286653,0.345801,0.089868
0.27782,0.286103,0.346283,0.089794
0.277915,0.28565,0.346722,0.089713
0.277937,0.285313,0.347113,0.089637
0.277887,0.285098,0.347444,0.089571
0.277785,0.284999,0.347713,0.089503
0.277656,0.284995,0.347927,0.089422
0.277514,0.285055,0.348108,0.089324
0.277353,0.285135,0.348299,0.089212
0.277181,0.285177,0.348548,0.089093
0.277021,0.285148,0.348862,0.088968
0.276881,0.285084,0.349204,0.088831
0.276746,0.285035,0.349532,0.088687
0.276612,0.285009,0.349829,0.08855
0.276489,0.28497,0.350111,0.08843
0.276401,0.284872,0.350395,0.088331
0.276362,0.28469,0.350697,0.088252
0.276368,0.284423,0.351025,0.088184
0.276396,0.284104,0.351378,0.088121
0.276417,0.283786,0.351739,0.088058
0.276412,0.283509,0.352089,0.08799
0.276386,0.283266,0.352425,0.087923
0.276362,0.283005,0.352767,0.087865
0.276356,0.282683,0.353139,0.087822
0.276372,0.2823,0.353545,0.087783
0.276418,0.281861,0.353976,0.087745
0.276503,0.281352,0.354424,0.087721
0.276621,0.280764,0.354897,0.087717
0.276773,0.280093,0.355405,0.087729
0.276963,0.279343,0.355952,0.087743
0.277188,0.278531,0.356529,0.087752
0.277444,0.277671,0.357131,0.087754
0.277726,0.276756,0.357761,0.087757
0.27804,0.275782,0.35841,0.087768
0.278403,0.274745,0.359064,0.087788
0.278833,0.273638,0.359711,0.087819
0.279331,0.272464,0.360348,0.087857
0.279871,0.271238,0.360986,0.087905
0.280418,0.269976,0.361638,0.087968
0.280961,0.268673,0.362307,0.088058
0.281519,0.267317,0.362988,0.088176
0.282122,0.265886,0.363675,0.088317
0.282786,0.264375,0.364369,0.088469
0.283506,0.262815,0.365062,0.088617
0.284264,0.261238,0.365744,0.088754
0.285042,0.259649,0.366424,0.088885
0.285814,0.258044,0.367129,0.089013
0.286563,0.256446,0.367859,0.089132
0.287267,0.254908,0.368586,0.089239
0.287901,0.253476,0.369288,0.089334
0.28845,0.25215,0.369969,0.089431
0.288929,0.250878,0.370641,0.089552
0.289376,0.249589,0.371322,0.089713
0.289822,0.248247,0.372023,0.089908
0.290269,0.246874,0.372741,0.090116
0.290704,0.245501,0.373466,0.090329
0.291115,0.244145,0.374183,0.090557
0.291498,0.242808,0.374892,0.090802
0.291851,0.241472,0.375621,0.091056
0.292183,0.240104,0.376404,0.091308
0.2925,0.238706,0.377238,0.091556
0.292792,0.237323,0.378079,0.091805
0.293043,0.235997,0.378905,0.092055
0.293245,0.234739,0.379712,0.092304
0.293416,0.233537,0.380498,0.092549
0.293585,0.232356,0.381269,0.09279
0.29378,0.231152,0.382042,0.093026
0.294005,0.229927,0.382819,0.09325
0.294236,0.22875,0.383558,0.093455
0.294448,0.227694,0.384219,0.093638
0.294633,0.226774,0.38479,0.093803
0.29481,0.225939,0.385297,0.093954
0.295011,0.2251,0.385793,0.094095
0.295242,0.224208,0.38632,0.09423
0.295489,0.223276,0.386881,0.094354
0.295768,0.222326,0.387446,0.094461
0.296118,0.221348,0.387987,0.094546
0.296559,0.220328,0.388503,0.09461
0.297065,0.2193,0.388982,0.094654
0.297573,0.218377,0.389379,0.09467
0.298035,0.217644,0.389665,0.094656
0.298446,0.217069,0.389865,0.09462
0.298831,0.216541,0.390045,0.094583
0.299209,0.215978,0.390256,0.094557
0.299572,0.215385,0.390502,0.094541
0.29989,0.21485,0.390739,0.094521
0.300118,0.214481,0.390919,0.094482
0.300228,0.214343,0.391011,0.094419
0.300229,0.214436,0.391007,0.094328
0.300147,0.214717,0.390923,0.094214
0.300011,0.215124,0.39079,0.094075
0.299852,0.215586,0.390642,0.09392
0.299688,0.216035,0.390515,0.093762
0.299512,0.216461,0.39042,0.093608
0.2993,0.216922,0.390329,0.093449
0.299039,0.217484,0.390202,0.093275
0.298737,0.218163,0.390022,0.093078
0.298413,0.218934,0.389796,0.092857
0.298086,0.219753,0.389537,0.092624
0.297766,0.220575,0.389262,0.092397
0.297454,0.221367,0.388989,0.092191
0.297152,0.2221,0.388744,0.092004
0.29687,0.222757,0.388543,0.09183
0.296624,0.223336,0.388379,0.091661
0.296418,0.223847,0.388241,0.091493
0.29625,0.224292,0.388132,0.091325
0.296109,0.224666,0.388065,0.091159
0.29598,0.224978,0.388049,0.090993
0.295854,0.225255,0.388071,0.09082
0.295733,0.225514,0.388109,0.090644
0.295618,0.225752,0.388156,0.090474
0.295509,0.225955,0.388211,0.090324
0.295397,0.226122,0.388274,0.090207
0.295277,0.226255,0.388338,0.09013
0.295153,0.226347,0.388411,0.090088
0.295036,0.226382,0.388513,0.09007
0.294927,0.226356,0.388658,0.090059
0.294835,0.226283,0.388838,0.090045
0.294772,0.226183,0.389026,0.090018
0.294742,0.226092,0.389192,0.089974
0.294732,0.226042,0.389321,0.089906
0.294725,0.226047,0.389418,0.089811
0.294705,0.226097,0.389502,0.089696
0.294663,0.226162,0.389599,0.089576
0.294606,0.226193,0.389731,0.08947
0.294557,0.226151,0.389905,0.089387
0.294536,0.226032,0.390115,0.089317
0.294537,0.225861,0.390354,0.089248
0.294546,0.225672,0.39061,0.089172
0.294561,0.225488,0.390864,0.089087
0.294603,0.225296,0.391108,0.088993
0.294701,0.225055,0.391354,0.08889
0.294874,0.224729,0.391617,0.08878
0.295111,0.224319,0.391903,0.088668
0.295376,0.22385,0.392203,0.088571
0.295638,0.223347,0.392509,0.088506
0.295894,0.22282,0.392814,0.088472
0.29616,0.222269,0.393122,0.088449
0.296442,0.221693,0.393445,0.08842
0.29674,0.221066,0.393793,0.088401
0.297056,0.220365,0.394168,0.088412
0.297387,0.219599,0.394561,0.088454
0.297716,0.218786,0.394989,0.088509
0.298025,0.217929,0.395479,0.088568
0.298309,0.217023,0.396028,0.08864
0.298582,0.216079,0.396606,0.088733
0.298862,0.215099,0.397199,0.088841
0.29916,0.214057,0.397825,0.088958
0.299476,0.212938,0.398504,0.089082
0.29979,0.211766,0.399232,0.089213
0.300087,0.210578,0.399989,0.089346
0.300377,0.209383,0.400767,0.089473
0.300685,0.208163,0.401559,0.089593
0.301039,0.206886,0.402365,0.08971
0.301449,0.205532,0.403187,0.089832
0.301899,0.204133,0.404008,0.08996
0.30236,0.202734,0.404813,0.090093
0.302815,0.20134,0.40561,0.090234
0.303273,0.19992,0.406419,0.090387
0.303747,0.198468,0.407237,0.090548
0.304233,0.197012,0.408046,0.090708
0.304729,0.195572,0.408839,0.090859
0.305232,0.194152,0.409618,0.090997
0.305734,0.19276,0.410386,0.09112
0.306229,0.191393,0.411149,0.091229
0.30672,0.190022,0.411929,0.091328
0.307218,0.188609,0.412752,0.091422
0.30772,0.187151,0.413622,0.091507
0.308218,0.185656,0.414543,0.091583
0.30871,0.184115,0.415525,0.09165
0.30919,0.182515,0.41658,0.091715
0.309662,0.180864,0.417698,0.091776
0.310127,0.17918,0.418857,0.091835
0.310574,0.177485,0.420045,0.091896
0.310978,0.175812,0.421249,0.09196
0.311322,0.174209,0.422445,0.092025
0.311606,0.172698,0.423615,0.092081
0.311848,0.171262,0.424765,0.092125
0.312064,0.169867,0.425908,0.092162
0.312279,0.168465,0.42706,0.092196
0.312517,0.167026,0.428224,0.092233
0.312756,0.165593,0.429365,0.092286
0.312956,0.164237,0.430445,0.092362
0.31312,0.162974,0.431445,0.092461
0.313281,0.161774,0.43237,0.092575
0.313465,0.160595,0.433252,0.092688
0.313672,0.159389,0.434142,0.092797
0.313885,0.158116,0.435083,0.092916
0.314102,0.156746,0.436091,0.093061
0.314331,0.155275,0.437157,0.093236
0.314578,0.15372,0.43826,0.093442
0.314836,0.152112,0.439374,0.093678
0.315096,0.150489,0.440475,0.09394
0.315344,0.148886,0.44155,0.094221
0.315568,0.147329,0.442597,0.094507
0.315771,0.145819,0.443622,0.094788
0.315976,0.144333,0.444636,0.095055
0.316211,0.14282,0.445659,0.095311
0.31649,0.141241,0.446706,0.095563
0.316793,0.139625,0.447762,0.095819
0.3171,0.138025,0.448796,0.09608
0.317419,0.136426,0.44981,0.096345
0.317766,0.134795,0.450828,0.096611
0.318116,0.13318,0.451839,0.096865
0.318435,0.131637,0.452823,0.097105
0.318746,0.130119,0.45379,0.097344
0.31909,0.12857,0.454747,0.097593
0.319455,0.127055,0.455645,0.097844
0.319819,0.125667,0.45643,0.098085
0.320178,0.124417,0.457096,0.09831
0.320541,0.123258,0.457677,0.098525
0.320913,0.12213,0.458221,0.098737
0.321289,0.120999,0.458767,0.098945
0.321657,0.119868,0.459332,0.099144
0.322011,0.118736,0.45992,0.099333
0.322367,0.117565,0.460545,0.099524
0.322748,0.116316,0.461217,0.09972
0.323167,0.114997,0.461921,0.099916
0.323626,0.113655,0.462621,0.100099
0.324117,0.112344,0.46328,0.100259
0.324626,0.111117,0.463866,0.10039
0.325142,0.109996,0.464372,0.10049
0.325651,0.10896,0.464824,0.100565
0.326152,0.107953,0.46527,0.100625
0.326686,0.106898,0.465736,0.10068
0.32729,0.105756,0.466219,0.100736
0.327967,0.104542,0.466695,0.100796
0.328701,0.103283,0.467156,0.100861
0.329463,0.101989,0.467617,0.100932
0.330221,0.100665,0.468101,0.101013
0.330951,0.099325,0.468618,0.101106
0.331659,0.09797,0.469169,0.101202
0.332381,0.096567,0.469757,0.101295
0.333146,0.09509,0.470381,0.101383
0.333941,0.093587,0.471007,0.101465
0.334728,0.092127,0.471599,0.101547
0.335479,0.090726,0.472151,0.101644
0.336186,0.08936,0.472683,0.101772
0.336847,0.087996,0.473217,0.101939
0.337472,0.086606,0.473781,0.102141
0.33807,0.085162,0.474402,0.102366
0.33866,0.083631,0.475108,0.102602
0.339265,0.081993,0.475902,0.10284
0.33989,0.080267,0.476756,0.103087
0.340512,0.078498,0.477651,0.103339
0.341109,0.076716,0.478586,0.103589
0.341687,0.074902,0.479574,0.103837
0.342273,0.073002,0.480632,0.104093
0.34289,0.070982,0.48176,0.104368
0.343549,0.068841,0.482943,0.104667
0.344239,0.066599,0.48417,0.104992
0.34494,0.064274,0.485447,0.105339
0.345641,0.061864,0.486791,0.105703
0.346343,0.059357,0.48822,0.10608
0.347037,0.056791,0.489712,0.106461
0.347696,0.054263,0.491213,0.106828
0.348299,0.051856,0.492673,0.107172
0.348851,0.04955,0.494093,0.107506
0.349375,0.047278,0.495494,0.107853
0.349853,0.045119,0.496821,0.108207
0.350219,0.043268,0.49797,0.108543
0.350426,0.041838,0.498895,0.108841
0.350462,0.040815,0.499632,0.109092
0.350336,0.040116,0.500251,0.109297
0.350086,0.039635,0.500816,0.109463
0.349778,0.039248,0.501374,0.109599
0.349482,0.038839,0.501962,0.109717
0.349225,0.038362,0.502589,0.109824
0.348991,0.037851,0.50324,0.109918
0.348765,0.037316,0.503919,0.11
0.348551,0.036716,0.504657,0.110076
0.348372,0.036005,0.50547,0.110152
0.348237,0.035175,0.506356,0.110231
0.348145,0.034225,0.507313,0.110317
0.348098,0.033141,0.508338,0.110423
0.348094,0.031914,0.50943,0.110562
0.348121,0.030546,0.510593,0.110739
0.348169,0.029049,0.511834,0.110948
0.348236,0.027438,0.513151,0.111175
0.348336,0.02571,0.514546,0.111409
0.348463,0.023875,0.516023,0.11164
0.34858,0.02199,0.517567,0.111863
0.348651,0.020134,0.51914,0.112075
0.348651,0.01837,0.520702,0.112277
0.348572,0.016744,0.52221,0.112473
0.348415,0.015276,0.523631,0.112678
0.348187,0.013955,0.524952,0.112905
0.347905,0.012739,0.52619,0.113165
0.347593,0.011568,0.52738,0.113459
0.347277,0.010363,0.528583,0.113777
0.346969,0.009083,0.529846,0.114103
0.34665,0.007818,0.531123,0.114409
0.346304,0.006738,0.532289,0.114669
0.345929,0.005956,0.533246,0.114869
0.345525,0.005483,0.53398,0.115012
0.345078,0.005233,0.53457,0.115119
0.344629,0.005038,0.535119,0.115215
0.344257,0.004811,0.535628,0.115304
0.343958,0.004716,0.535964,0.115362
0.34364,0.005002,0.535999,0.115358
0.343235,0.005745,0.535736,0.115283
0.342751,0.006784,0.535307,0.115158
0.342253,0.007869,0.534861,0.115017
0.341794,0.008884,0.534445,0.114877
0.341378,0.009881,0.534009,0.114732
0.340984,0.010959,0.5335,0.114557
0.34059,0.012195,0.532884,0.11433
0.340189,0.013613,0.532149,0.114049
0.339781,0.01517,0.531312,0.113737
0.339367,0.016784,0.530422,0.113426
0.338937,0.018397,0.529527,0.113139
0.338472,0.020015,0.528634,0.112879
0.337956,0.021684,0.52772,0.11264
0.337394,0.023415,0.526781,0.112411
0.336822,0.025139,0.525856,0.112183
0.33626,0.026859,0.524939,0.111942
0.335662,0.028735,0.523938,0.111664
0.334985,0.030868,0.522797,0.111351
0.334236,0.033157,0.521577,0.11103
0.333464,0.035416,0.520385,0.110735
0.33271,0.037532,0.519285,0.110474
0.331971,0.039521,0.518274,0.110234
0.331218,0.041492,0.517298,0.109991
0.33043,0.043555,0.516293,0.109723
0.329605,0.045745,0.515226,0.109423
0.32876,0.048008,0.514127,0.109105
0.327926,0.050235,0.513058,0.108781
0.32714,0.052346,0.512052,0.108462
0.326421,0.054347,0.511072,0.10816
0.325764,0.05627,0.51008,0.107886
0.325163,0.058118,0.509071,0.107648
0.324606,0.059894,0.508061,0.107439
0.324078,0.061612,0.507067,0.107243
0.323568,0.063286,0.506106,0.10704
0.323062,0.064912,0.505198,0.106828
0.322551,0.066456,0.504369,0.106624
0.322036,0.067873,0.503641,0.106451
0.321522,0.069137,0.503023,0.106318
0.321016,0.070262,0.502508,0.106215
0.320515,0.071295,0.502068,0.106122
0.320009,0.07228,0.501675,0.106036
0.319494,0.073225,0.501322,0.105959
0.318981,0.074107,0.501019,0.105893
0.318483,0.074893,0.50079,0.105833
0.318015,0.075554,0.500652,0.105779
0.317574,0.076076,0.500617,0.105733
0.317143,0.076468,0.500682,0.105707
0.316713,0.076739,0.50084,0.105709
0.316288,0.076887,0.501088,0.105738
0.315871,0.0769,0.501448,0.105781
0.315463,0.07677,0.501943,0.105824
0.31507,0.07651,0.502566,0.105854
0.314694,0.076169,0.503269,0.105869
0.314322,0.075841,0.503976,0.105862
0.313917,0.075651,0.504608,0.105824
0.313447,0.075692,0.505118,0.105743
0.312902,0.075966,0.505509,0.105622
0.312303,0.076367,0.505837,0.105492
0.311673,0.076771,0.506167,0.105389
0.311002,0.077187,0.506485,0.105325
0.310262,0.077731,0.506721,0.105286
0.309448,0.078476,0.506829,0.105247
0.308587,0.079424,0.506804,0.105185
0.30771,0.080547,0.506653,0.10509
0.306828,0.081828,0.506376,0.104968
0.305938,0.083251,0.50599,0.104821
0.305021,0.084791,0.505539,0.10465
0.304083,0.086386,0.505073,0.104457
0.303193,0.087941,0.504615,0.104251
0.302403,0.089418,0.504148,0.104031
0.301678,0.090927,0.503615,0.103781
0.300946,0.092591,0.502972,0.103491
0.300155,0.094431,0.502241,0.103173
0.299294,0.09637,0.501495,0.102841
0.298399,0.098281,0.50082,0.1025
0.297506,0.100081,0.500258,0.102155
0.296624,0.101775,0.499787,0.101814
0.295754,0.103365,0.49939,0.101491
0.294891,0.104865,0.499057,0.101187
0.294011,0.106364,0.49874,0.100886
0.293082,0.107954,0.498394,0.10057
0.292095,0.109652,0.498023,0.10023
0.29107,0.111395,0.497668,0.099868
0.290049,0.113098,0.497358,0.099495
0.289077,0.114704,0.497101,0.099117
0.288182,0.116173,0.496906,0.098739
0.287354,0.117494,0.496786,0.098366
0.286541,0.118734,0.496727,0.097997
0.285681,0.120042,0.49666,0.097617
0.284745,0.12157,0.496477,0.097208
0.283732,0.12341,0.496102,0.096756
0.282638,0.125566,0.495541,0.096254
0.281463,0.127969,0.494857,0.095712
0.280231,0.130483,0.49414,0.095145
0.278986,0.132974,0.493466,0.094574
0.277748,0.135399,0.492838,0.094015
0.276509,0.137788,0.492225,0.093478
0.275268,0.14013,0.491633,0.092968
0.274036,0.142365,0.491111,0.092489
0.272808,0.144462,0.490694,0.092035
0.271566,0.146463,0.490375,0.091596
0.270285,0.148441,0.490113,0.09116
0.268961,0.150449,0.489867,0.090723
0.267608,0.152505,0.489605,0.090283
0.266254,0.154607,0.489304,0.089834
0.264925,0.156742,0.488962,0.089372
0.263634,0.158873,0.488601,0.088893
0.262381,0.160957,0.488261,0.088401
0.261151,0.162974,0.487977,0.087898
0.25992,0.164928,0.487767,0.087385
0.258671,0.166816,0.487632,0.086882
0.25742,0.1686,0.487564,0.086416
0.256199,0.170247,0.487547,0.086007
0.255034,0.171753,0.487559,0.085654
0.253938,0.173119,0.487594,0.085348
0.252909,0.174354,0.487665,0.085072
0.251937,0.175489,0.487766,0.084808
0.251029,0.176535,0.487893,0.084543
0.250198,0.1775,0.488032,0.08427
0.249416,0.178492,0.488101,0.08399
0.248619,0.17967,0.487998,0.083713
0.247753,0.181119,0.487674,0.083454
0.246802,0.182819,0.487158,0.083221
0.245785,0.184676,0.486537,0.083002
0.244745,0.186554,0.485916,0.082785
0.243705,0.188364,0.485346,0.082585
0.242658,0.190134,0.484799,0.082408
0.241603,0.191918,0.484228,0.082252
0.240557,0.193718,0.483623,0.082102
0.23954,0.195511,0.483003,0.081945
0.238562,0.197272,0.482392,0.081774
0.23762,0.198987,0.481806,0.081586
0.236709,0.200664,0.481242,0.081384
0.235825,0.202318,0.480682,0.081175
0.234967,0.203946,0.480112,0.080974
0.234146,0.205514,0.479538,0.080802
0.233359,0.207028,0.478945,0.080669
0.232557,0.208608,0.478272,0.080563
0.231695,0.210357,0.47749,0.080457
0.230793,0.212238,0.476632,0.080337
0.229917,0.214122,0.475759,0.080201
0.229109,0.215912,0.474921,0.080058
0.228354,0.217627,0.474116,0.079903
0.227615,0.219318,0.473324,0.079743
0.226857,0.22101,0.472541,0.079592
0.226056,0.222718,0.471768,0.079458
0.225204,0.224447,0.471013,0.079336
0.224316,0.226173,0.470295,0.079216
0.223423,0.227844,0.469642,0.079092
0.222543,0.229427,0.469058,0.078972
0.221683,0.23093,0.468526,0.078861
0.220841,0.232356,0.468048,0.078755
0.220016,0.233702,0.467634,0.078648
0.219198,0.234983,0.46728,0.078539
0.218375,0.236218,0.466972,0.078436
0.217538,0.237412,0.466691,0.078359
0.216698,0.238538,0.466435,0.078329
0.215871,0.239575,0.4662,0.078354
0.215049,0.240571,0.465957,0.078422
0.214222,0.241565,0.465698,0.078514
0.213385,0.242546,0.465451,0.078619
0.212527,0.243542,0.465213,0.078719
0.211641,0.244605,0.464954,0.078799
0.210741,0.245696,0.4647,0.078863
0.209835,0.246754,0.464494,0.078917
0.208905,0.247838,0.464302,0.078955
0.207925,0.249065,0.464043,0.078967
0.206874,0.250514,0.463667,0.078944
0.20575,0.252178,0.463186,0.078886
0.204578,0.253942,0.462675,0.078805
0.203386,0.255691,0.462197,0.078726
0.202182,0.257418,0.461732,0.078668
0.200967,0.259141,0.461255,0.078637
0.199755,0.260816,0.460795,0.078634
0.198563,0.262395,0.460391,0.078651
0.197393,0.263878,0.460056,0.078674
0.196231,0.265313,0.459764,0.078692
0.195054,0.266759,0.459469,0.078718
0.193839,0.268244,0.459137,0.07878
0.19258,0.269747,0.458772,0.078901
0.191288,0.27121,0.458414,0.079088
0.189978,0.272579,0.458115,0.079328
0.188661,0.27384,0.457907,0.079592
0.187346,0.275015,0.457781,0.079858
0.186031,0.276144,0.457708,0.080117
0.184704,0.277246,0.457684,0.080366
0.183368,0.278311,0.457721,0.0806
0.182044,0.279321,0.457809,0.080826
0.18075,0.280263,0.457929,0.081058
0.179498,0.281123,0.458079,0.0813
0.178309,0.28189,0.458257,0.081544
0.177227,0.282547,0.45845,0.081775
0.176306,0.283068,0.458636,0.081989
0.175562,0.283462,0.458791,0.082185
0.174964,0.283773,0.458902,0.082361
0.174444,0.284052,0.458979,0.082525
0.173946,0.284333,0.459038,0.082683
0.173472,0.284608,0.459084,0.082836
0.173079,0.284816,0.459122,0.082983
0.172815,0.284911,0.459147,0.083127
0.17268,0.284921,0.459136,0.083264
0.172643,0.284874,0.459093,0.08339
0.172679,0.284745,0.459072,0.083505
0.172763,0.284495,0.459128,0.083614
0.172873,0.284122,0.459283,0.083723
0.172992,0.283646,0.459521,0.083841
0.173119,0.283083,0.45982,0.083978
0.173262,0.282434,0.460175,0.084129
0.173433,0.281688,0.460589,0.08429
0.173635,0.280823,0.461063,0.084479
0.173868,0.279825,0.461594,0.084712
0.174126,0.278698,0.462189,0.084987
0.174398,0.277446,0.462863,0.085294
0.174672,0.276079,0.463628,0.085621
0.17494,0.274609,0.464493,0.085958
0.175197,0.273037,0.465473,0.086293
0.175438,0.271363,0.466582,0.086617
0.175652,0.269615,0.46781,0.086922
0.175833,0.267847,0.469113,0.087207
0.175977,0.266105,0.470443,0.087474
0.176092,0.264389,0.471788,0.087731
0.176183,0.262663,0.473173,0.08798
0.176254,0.260905,0.474617,0.088224
0.176305,0.259135,0.476103,0.088457
0.176333,0.257398,0.477597,0.088672
0.176334,0.255719,0.479083,0.088864
0.176312,0.254077,0.480578,0.089033
0.176278,0.252421,0.48211,0.089191
0.176218,0.250765,0.483679,0.089338
0.176099,0.249205,0.485237,0.089459
0.1759,0.247813,0.486744,0.089543
0.175621,0.246586,0.488206,0.089588
0.175275,0.245468,0.489655,0.089602
0.174882,0.244382,0.491133,0.089602
0.174463,0.24325,0.49268,0.089607
0.174026,0.242018,0.494322,0.089634
0.173572,0.240688,0.496043,0.089698
0.173107,0.239283,0.497812,0.089798
0.172631,0.237839,0.499612,0.089918
0.17213,0.236398,0.501432,0.090041
0.171596,0.234967,0.503256,0.090181
0.171044,0.233495,0.505097,0.090365
0.170471,0.231965,0.506966,0.090597
0.169856,0.230458,0.508834,0.090853
0.169181,0.229077,0.510646,0.091096
0.168436,0.227895,0.512366,0.091303
0.167605,0.22695,0.513967,0.091478
0.166686,0.226223,0.515451,0.09164
0.165714,0.2256,0.51688,0.091806
0.164728,0.224974,0.518323,0.091976
0.163735,0.224376,0.51975,0.092139
0.162719,0.223934,0.521056,0.092291
0.161652,0.22374,0.522169,0.092439
0.16051,0.223805,0.523095,0.09259
0.159298,0.224034,0.523922,0.092746
0.158055,0.224267,0.524776,0.092902
0.156816,0.224395,0.525746,0.093043
0.155569,0.224454,0.526818,0.093158
0.154297,0.224505,0.527945,0.093253
0.153009,0.224524,0.529125,0.093342
0.151739,0.224453,0.530385,0.093423
0.150499,0.224308,0.531695,0.093497
0.149273,0.224177,0.53298,0.09357
0.148025,0.224142,0.534189,0.093645
0.146733,0.22422,0.535325,0.093722
0.14543,0.224339,0.536438,0.093793
0.144184,0.224388,0.537579,0.093848
0.143054,0.22432,0.538749,0.093877
0.142077,0.224132,0.539916,0.093875
0.141253,0.223813,0.541079,0.093855
0.140515,0.223359,0.542282,0.093844
0.139812,0.222794,0.543531,0.093863
0.139202,0.222196,0.544684,0.093917
0.138773,0.22167,0.545562,0.093994
0.13854,0.221273,0.546105,0.094082
0.138465,0.221005,0.546366,0.094164
0.138482,0.220824,0.546467,0.094227
0.13853,0.220656,0.546542,0.094272
0.138575,0.220417,0.546687,0.094322
0.138633,0.220059,0.546931,0.094377
0.138739,0.219585,0.547247,0.094428
0.13892,0.218995,0.547613,0.094473
0.139179,0.218271,0.548033,0.094517
0.1395,0.217441,0.548504,0.094555
0.139856,0.216566,0.549002,0.094576
0.14023,0.21567,0.549518,0.094582
0.140623,0.214703,0.550085,0.094589
0.141038,0.213621,0.550728,0.094613
0.141467,0.212446,0.55143,0.094657
0.141899,0.211227,0.55216,0.094714
0.142315,0.210016,0.552898,0.09477
0.142691,0.208864,0.553633,0.094813
0.143022,0.207788,0.554336,0.094854
0.14333,0.206764,0.554992,0.094914
0.143642,0.20572,0.555635,0.095003
0.14396,0.204594,0.55633,0.095116
0.144256,0.203411,0.557104,0.095229
0.144498,0.202243,0.557938,0.095321
0.144677,0.201109,0.558824,0.09539
0.144808,0.199958,0.559791,0.095443
0.144902,0.19872,0.560886,0.095492
0.144967,0.197354,0.562122,0.095558
0.145006,0.195853,0.563476,0.095665
0.145026,0.194239,0.56491,0.095824
0.145038,0.19254,0.566398,0.096024
0.145055,0.190746,0.567958,0.096241
0.145081,0.18885,0.569599,0.09647
0.145101,0.186902,0.571279,0.096718
0.14509,0.184961,0.572963,0.096986
0.145027,0.183047,0.57466,0.097266
0.144906,0.181146,0.576391,0.097557
0.144743,0.179207,0.578191,0.09786
0.144547,0.177171,0.580106,0.098176
0.144317,0.175037,0.582151,0.098495
0.144048,0.172848,0.584295,0.098809
0.143745,0.170606,0.586517,0.099131
0.143429,0.168277,0.588819,0.099475
0.143112,0.165879,0.591175,0.099834
0.142789,0.163499,0.593525,0.100188
0.142452,0.161207,0.595827,0.100515
0.1421,0.159005,0.598085,0.10081
0.141731,0.156854,0.600339,0.101075
0.141334,0.154729,0.602627,0.10131
0.140893,0.152633,0.604962,0.101512
0.140414,0.15055,0.607349,0.101687
0.139914,0.148402,0.609837,0.101847
0.139391,0.146103,0.6125,0.102006
0.138826,0.143646,0.615353,0.102175
0.138218,0.141077,0.618342,0.102363
0.13758,0.138421,0.621424,0.102574
0.136923,0.135661,0.624608,0.102808
0.136256,0.132749,0.627936,0.103059
0.135588,0.129669,0.63143,0.103312
0.134936,0.126474,0.635031,0.103558
0.134307,0.123268,0.63863,0.103795
0.133682,0.120165,0.642138,0.104014
0.133026,0.117267,0.645514,0.104193
0.132323,0.114626,0.64874,0.104311
0.131588,0.112225,0.65182,0.104366
0.130842,0.109973,0.654818,0.104367
0.130082,0.107755,0.657839,0.104325
0.129285,0.105485,0.660959,0.104271
0.12844,0.103107,0.66422,0.104233
0.127576,0.100577,0.667622,0.104225
0.126755,0.097918,0.671087,0.10424
0.126032,0.095229,0.67448,0.104259
0.125433,0.092594,0.677721,0.104252
0.124945,0.089973,0.680867,0.104215
0.124506,0.087329,0.683994,0.104171
0.124032,0.08484,0.686989,0.104139
0.123502,0.082779,0.689615,0.104104
0.122937,0.081256,0.691753,0.104054
0.122341,0.080197,0.693472,0.10399
0.121698,0.079425,0.694958,0.103918
0.121012,0.078745,0.696406,0.103837
0.120317,0.07801,0.697927,0.103746
0.119634,0.077246,0.699486,0.103634
0.118939,0.076644,0.70094,0.103477
0.118192,0.076408,0.702146,0.103253
0.117364,0.076633,0.703048,0.102955
0.116453,0.077262,0.703689,0.102597
0.115503,0.078076,0.704211,0.10221
0.114562,0.078853,0.704759,0.101826
0.113629,0.079543,0.70537,0.101458
0.112676,0.08019,0.706028,0.101106
0.111684,0.080793,0.706752,0.100772
0.110664,0.081316,0.707571,0.100449
0.109638,0.081733,0.7085,0.100129
0.108611,0.082032,0.709551,0.099806
0.107572,0.0822,0.710744,0.099484
0.106524,0.082213,0.712087,0.099176
0.105485,0.082093,0.713535,0.098887
0.104463,0.081958,0.714975,0.098604
0.103453,0.081928,0.716306,0.098313
0.102443,0.082057,0.717495,0.098006
0.101409,0.082359,0.71856,0.097671
0.10033,0.082855,0.719511,0.097304
0.099214,0.08356,0.720316,0.09691
0.098106,0.084441,0.720959,0.096493
0.097062,0.085355,0.721524,0.096059
0.096111,0.086184,0.722097,0.095609
0.095224,0.086999,0.722633,0.095143
0.094336,0.087952,0.723049,0.094663
0.093396,0.089139,0.723307,0.094157
0.092407,0.090597,0.72338,0.093616
0.091401,0.09228,0.723255,0.093063
0.090419,0.094066,0.722983,0.092533
0.089495,0.095817,0.722648,0.09204
0.088655,0.09748,0.722298,0.091567
0.087911,0.099112,0.721892,0.091086
0.087247,0.100783,0.721371,0.090599
0.086618,0.102459,0.720783,0.090141
0.086019,0.104045,0.720209,0.089727
0.085511,0.105552,0.719599,0.089338
0.085153,0.107059,0.718845,0.088943
0.084954,0.108613,0.717913,0.08852
0.084894,0.110227,0.716822,0.088057
0.084935,0.1119,0.715611,0.087554
0.085024,0.113609,0.714349,0.087019
0.085105,0.115297,0.713134,0.086465
0.085155,0.116886,0.712058,0.085901
0.0852,0.118297,0.71116,0.085343
0.085271,0.119479,0.710452,0.084797
0.085377,0.120427,0.70994,0.084256
0.085515,0.121161,0.709617,0.083707
0.085678,0.1217,0.70947,0.083152
0.085847,0.122044,0.709511,0.082598
0.08599,0.122203,0.709764,0.082043
0.086085,0.122199,0.710242,0.081474
0.086132,0.122039,0.710947,0.080883
0.086137,0.121709,0.711881,0.080273
0.086102,0.121193,0.713035,0.079669
0.086031,0.120486,0.714382,0.0791
0.085951,0.119598,0.715869,0.078582
0.085893,0.118568,0.71743,0.07811
0.085867,0.117445,0.719024,0.077665
0.085855,0.116247,0.720664,0.077234
0.085829,0.114941,0.72241,0.076819
0.085782,0.113507,0.724288,0.076423
0.085728,0.111982,0.726241,0.076049
0.085686,0.110413,0.728209,0.075692
0.08567,0.108822,0.730174,0.075334
0.085691,0.10721,0.732143,0.074956
0.085764,0.105566,0.734119,0.074551
0.085897,0.103868,0.736111,0.074124
0.086081,0.102092,0.738144,0.073683
0.086278,0.100222,0.740256,0.073245
0.086466,0.09827,0.742453,0.072811
0.086694,0.096256,0.74468,0.072371
0.087028,0.09414,0.746902,0.07193
0.087493,0.091891,0.749102,0.071514
0.088066,0.089601,0.751206,0.071128
0.088711,0.087341,0.753179,0.07077
0.089411,0.085051,0.755097,0.070442
0.090158,0.08266,0.757038,0.070144
0.090931,0.080163,0.759038,0.069868
0.09169,0.077622,0.761095,0.069594
0.092399,0.075128,0.763167,0.069306
0.093074,0.072706,0.765225,0.068995
0.093762,0.070281,0.767297,0.06866
0.094504,0.067768,0.769424,0.068303
0.095319,0.065202,0.771552,0.067927
0.096208,0.062714,0.773546,0.067531
0.097172,0.060401,0.775311,0.067116
0.098215,0.058266,0.776834,0.066685
0.09935,0.056236,0.778176,0.066238
0.100589,0.054201,0.779433,0.065778
0.101924,0.05205,0.780721,0.065304
0.103322,0.049727,0.782131,0.06482
0.104731,0.047255,0.78369,0.064323
0.106142,0.044684,0.785366,0.063808
0.107609,0.042038,0.787082,0.063271
0.109195,0.039338,0.788753,0.062713
0.110932,0.036616,0.790314,0.062138
0.112822,0.033915,0.791721,0.061541
0.114846,0.031261,0.792974,0.060919
0.116962,0.0286,0.794146,0.060292
0.119111,0.02584,0.795341,0.059707
0.121232,0.022975,0.796587,0.059206
0.123288,0.020065,0.797829,0.058818
0.125295,0.01713,0.799016,0.058559
0.127294,0.014125,0.800152,0.05843
0.129321,0.010978,0.801294,0.058407
0.1314,0.007651,0.802514,0.058435
0.133537,0.004134,0.803848,0.058481
0.135719,0.000411,0.805301,0.058569
0.137437,0,0.804033,0.05853
0.13904,0,0.802401,0.05856
0.140555,0,0.800729,0.058716
0.141983,0,0.798984,0.059033
0.143333,0,0.797143,0.059524
0.144603,0,0.795217,0.060181
0.145796,0,0.793234,0.06097
0.146926,0,0.791228,0.061846
0.148007,0,0.789234,0.062759
0.149049,0,0.787283,0.063668
0.150044,0,0.785404,0.064551
0.150982,0,0.783599,0.065418
0.151872,0,0.781833,0.066295
0.152738,0,0.780061,0.0672
0.153609,0,0.778249,0.068142
0.154514,0,0.776373,0.069113
0.155472,0,0.774422,0.070106
0.15646,0,0.772418,0.071121
0.157432,0,0.770399,0.072169
0.158401,0,0.768353,0.073247
0.15942,0,0.76623,0.07435
0.1605,0,0.764017,0.075483
0.161586,0,0.761757,0.076657
0.16262,0,0.759514,0.077866
0.163598,0,0.757316,0.079086
0.164557,0,0.755154,0.080289
0.165513,0,0.753017,0.08147
0.166457,0,0.750901,0.082642
0.167376,0,0.748815,0.08381
0.168263,0,0.746771,0.084966
0.169124,0,0.744773,0.086102
0.16996,0,0.742823,0.087218
0.170768,0,0.74092,0.088313
0.171584,0,0.739026,0.08939
0.172466,0,0.737089,0.090445
0.173111,0.001823,0.733761,0.091304
0.173654,0.00452,0.729783,0.092042
0.174239,0.007021,0.725987,0.092753
0.174817,0.009374,0.722378,0.093431
0.17536,0.011581,0.718978,0.094081
0.175878,0.013606,0.715808,0.094708
0.176403,0.015413,0.71287,0.095313
0.176955,0.016989,0.710158,0.095898
0.177534,0.018336,0.707665,0.096465
0.178122,0.019492,0.705374,0.097012
0.178688,0.020524,0.703253,0.097536
0.179208,0.021506,0.701253,0.098033
0.179693,0.02247,0.699333,0.098504
0.180176,0.023361,0.697513,0.09895
0.180662,0.024128,0.695835,0.099375
0.181117,0.024844,0.694263,0.099776
0.18152,0.025588,0.692745,0.100147
0.181886,0.026341,0.691281,0.100491
0.182233,0.027042,0.689911,0.100815
0.182567,0.027617,0.688692,0.101124
0.182884,0.028031,0.687663,0.101422
0.183173,0.028335,0.686784,0.101708
0.183418,0.028638,0.685963,0.101981
0.183604,0.029033,0.685111,0.102252
0.183729,0.029543,0.684189,0.102539
0.183805,0.030116,0.683212,0.102868
0.183854,0.030652,0.682249,0.103245
0.183895,0.031072,0.681386,0.103647
0.183927,0.031378,0.680653,0.104043
0.183936,0.031608,0.680028,0.104428
0.183917,0.031743,0.679519,0.104821
0.183874,0.031736,0.679147,0.105243
0.183811,0.031592,0.678885,0.105711
0.183744,0.03133,0.678695,0.10623
0.183689,0.030959,0.678559,0.106794
0.183631,0.03055,0.678443,0.107377
0.183527,0.030219,0.678303,0.10795
0.18336,0.029987,0.678157,0.108496
0.183171,0.029743,0.678071,0.109015
0.183018,0.029406,0.678072,0.109503
0.182913,0.029036,0.678096,0.109955
0.18284,0.028699,0.678091,0.110371
0.182788,0.028364,0.678088,0.110761
0.182746,0.02796,0.678158,0.111137
0.182692,0.027493,0.678314,0.111501
0.182608,0.027057,0.678486,0.111848
0.182498,0.026692,0.678618,0.112191
0.182387,0.026309,0.678733,0.11257
0.18229,0.025811,0.678874,0.113025
0.1822,0.025184,0.679041,0.113575
0.182106,0.024422,0.679257,0.114215
0.182005,0.023508,0.67957,0.114917
0.181893,0.022447,0.680015,0.115645
0.181775,0.021235,0.680603,0.116387
0.181656,0.019881,0.681314,0.117148
0.181529,0.01844,0.682106,0.117925
0.18138,0.016955,0.682944,0.118721
0.181209,0.015396,0.68383,0.119566
0.181009,0.013744,0.68475,0.120498
0.180755,0.012088,0.685632,0.121525
0.180438,0.010498,0.686441,0.122623
0.180084,0.008912,0.687244,0.12376
0.179733,0.007225,0.688131,0.124912
0.179403,0.005402,0.689129,0.126066
0.17909,0.003447,0.69023,0.127232
0.178777,0.00136,0.691439,0.128425
0.178293,0,0.692166,0.129541
0.177526,0,0.691988,0.130486
0.176727,0,0.691859,0.131414
0.175899,0,0.691787,0.132314
0.17504,0,0.691774,0.133187
0.174144,0,0.691808,0.134048
0.173203,0,0.691878,0.134919
0.172212,0,0.691989,0.135799
0.171174,0,0.692155,0.136671
0.170108,0,0.692356,0.137536
0.169043,0,0.692553,0.138404
0.167998,0,0.692727,0.139275
0.166983,0,0.69287,0.140147
0.165988,0,0.692991,0.141021
0.164992,0,0.693118,0.14189
0.164007,0,0.693258,0.142735
0.163087,0,0.693373,0.14354
0.16228,0,0.693415,0.144304
0.161603,0,0.69336,0.145038
0.161045,0,0.693206,0.145749
0.160578,0,0.692973,0.146449
0.160159,0,0.692698,0.147143
0.159751,0,0.692417,0.147832
0.159321,0,0.692159,0.14852
0.158855,0,0.691932,0.149212
0.158356,0,0.69173,0.149915
0.157832,0,0.691537,0.150631
0.157296,0,0.691342,0.151362
0.156753,0,0.691136,0.152112
0.156211,0,0.690906,0.152883
0.155679,0,0.690646,0.153675
0.155171,0,0.690349,0.154481
0.154707,0,0.690012,0.155281
0.154307,0,0.689637,0.156056
0.153968,0,0.689227,0.156805
0.153665,0,0.688779,0.157556
0.153354,0,0.688301,0.158345
0.153004,0,0.687803,0.159193
0.152616,0,0.687274,0.16011
0.152207,0,0.686702,0.161092
0.151778,0,0.686105,0.162117
0.151319,0,0.685532,0.163149
0.15082,0,0.685017,0.164162
0.150284,0,0.684558,0.165157
0.14972,0,0.684137,0.166143
0.149128,0,0.683753,0.167119
0.148519,0,0.683399,0.168082
0.147913,0,0.683058,0.169029
0.147312,0,0.682722,0.169966
0.146693,0,0.682406,0.170901
0.146037,0,0.682124,0.171839
0.145361,0,0.681868,0.172771
0.144693,0,0.681629,0.173678
0.144036,0,0.681409,0.174554
0.143375,0,0.681205,0.17542
0.142684,0,0.68101,0.176307
0.141949,0,0.680832,0.177219
0.141173,0,0.680694,0.178133
0.140352,0,0.680627,0.179021
0.139484,0,0.680645,0.179871
0.138574,0,0.68074,0.180686
0.137635,0,0.680883,0.181482
0.136677,0,0.681061,0.182262
0.135703,0,0.681284,0.183013
0.134726,0,0.681551,0.183723
0.133771,0,0.681842,0.184387
0.13287,0,0.682123,0.185007
0.13204,0,0.682359,0.185601
0.131271,0,0.682536,0.186193
0.130524,0,0.682681,0.186794
0.129766,0,0.682841,0.187393
0.129011,0,0.683024,0.187965
0.128298,0,0.683203,0.188499
0.127646,0,0.683357,0.188996
0.127046,0,0.683492,0.189462
0.126469,0,0.68363,0.189901
0.125887,0,0.683792,0.190321
0.125275,0,0.68399,0.190735
0.12462,0,0.684228,0.191152
0.123925,0,0.684502,0.191573
0.123204,0,0.684808,0.191988
0.122474,0,0.685138,0.192388
0.121745,0,0.685476,0.192779
0.121017,0,0.685811,0.193172
0.120291,0,0.686133,0.193576
0.119573,0,0.686429,0.193998
0.118861,0,0.686695,0.194444
0.11814,0,0.686946,0.194914
0.117425,0,0.687182,0.195393
0.116775,0,0.687372,0.195853
0.11624,0,0.687487,0.196273
0.115831,0,0.687527,0.196642
0.115522,0,0.687514,0.196965
0.115273,0,0.687474,0.197253
0.115047,0,0.68743,0.197524
0.114808,0,0.687395,0.197798
0.11453,0,0.687375,0.198095
0.114202,0,0.687373,0.198426
0.113836,0,0.687374,0.19879
0.113464,0,0.687358,0.199178
0.113118,0,0.687305,0.199578
0.112818,0,0.687206,0.199976
0.11257,0,0.68707,0.20036
0.112359,0,0.686918,0.200722
0.112167,0,0.686771,0.201062
0.111977,0,0.686638,0.201385
0.111779,0,0.686525,0.201696
0.111564,0,0.686437,0.201999
0.111325,0,0.686376,0.202299
0.111053,0,0.686338,0.202608
0.110739,0,0.686328,0.202933
0.11038,0,0.686346,0.203274
0.10999,0,0.686391,0.20362
0.109593,0,0.686457,0.20395
0.109208,0,0.686535,0.204257
0.108843,0,0.686603,0.204554
0.108494,0,0.686651,0.204855
0.10815,0,0.68668,0.20517
0.107798,0,0.686692,0.20551
0.107424,0,0.686691,0.205885
0.107013,0,0.686694,0.206293
0.106553,0,0.68673,0.206717
0.106047,0,0.686815,0.207138
0.105501,0,0.686946,0.207553
0.104915,0,0.687124,0.207961
0.104287,0,0.687359,0.208354
0.103614,0,0.687652,0.208734
0.102896,0,0.688006,0.209099
0.102125,0,0.688428,0.209446
0.101297,0,0.688925,0.209778
0.100411,0,0.689493,0.210096
0.099473,0,0.690124,0.210403
0.098498,0,0.690818,0.210684
0.097503,0,0.691583,0.210914
0.096505,0,0.692412,0.211083
0.09551,0,0.693284,0.211206
0.094506,0,0.69419,0.211305
0.09347,0,0.695139,0.211391
0.092392,0,0.696131,0.211477
0.091279,0,0.697152,0.211569
