0.001185,0.311325,0.473321,0.214169
0.00466,0.313556,0.468293,0.213491
0.008003,0.315533,0.463559,0.212905
0.011241,0.317304,0.459036,0.212419
0.014397,0.318937,0.454639,0.212027
0.01749,0.320438,0.450337,0.211735
0.020529,0.321749,0.446166,0.211556
0.023508,0.322855,0.442168,0.211469
0.026401,0.323843,0.438341,0.211415
0.02917,0.32481,0.434665,0.211354
0.031794,0.325781,0.431137,0.211288
0.034279,0.32672,0.427784,0.211217
0.03665,0.327583,0.424635,0.211132
0.03892,0.328328,0.421711,0.211041
0.041092,0.328962,0.418992,0.210954
0.04316,0.329582,0.416399,0.210859
0.045119,0.330253,0.413878,0.21075
0.046972,0.33091,0.411463,0.210655
0.04872,0.331502,0.409185,0.210593
0.05037,0.332061,0.407023,0.210545
0.051938,0.332587,0.404968,0.210508
0.053439,0.333015,0.403045,0.210501
0.05488,0.333318,0.401268,0.210534
0.056247,0.333525,0.39963,0.210598
0.057533,0.333648,0.398133,0.210687
0.058747,0.333692,0.396762,0.210799
0.059898,0.333753,0.395441,0.210908
0.060986,0.33395,0.394091,0.210974
0.062007,0.334295,0.392704,0.210995
0.06296,0.33468,0.391344,0.211017
0.063858,0.335008,0.390063,0.211071
0.064739,0.335311,0.388825,0.211125
0.065638,0.335636,0.387581,0.211145
0.066574,0.335929,0.386349,0.211148
0.067529,0.336131,0.385171,0.211168
0.068465,0.336261,0.384071,0.211203
0.069345,0.336337,0.383066,0.211252
0.070152,0.336383,0.382142,0.211323
0.070886,0.336478,0.381235,0.211401
0.071564,0.336635,0.380325,0.211476
0.072223,0.336756,0.379458,0.211563
0.072886,0.336772,0.378673,0.211669
0.07355,0.336698,0.377964,0.211788
0.074195,0.336556,0.377328,0.211921
0.074828,0.33632,0.376768,0.212084
0.075502,0.335941,0.37627,0.212287
0.076257,0.335397,0.375811,0.212536
0.077097,0.334689,0.375376,0.212838
0.078008,0.333829,0.374967,0.213196
0.078971,0.332826,0.374592,0.213611
0.079965,0.331714,0.374248,0.214073
0.080965,0.330577,0.37391,0.214548
0.081933,0.329527,0.373542,0.214998
0.082829,0.328652,0.373098,0.215421
0.083626,0.327962,0.372559,0.215852
0.084329,0.3274,0.371947,0.216324
0.084963,0.326865,0.371321,0.216851
0.085555,0.326271,0.370748,0.217426
0.086112,0.325579,0.370271,0.218038
0.086624,0.32481,0.369893,0.218673
0.087102,0.32401,0.369577,0.219311
0.087582,0.323232,0.369259,0.219927
0.088116,0.322484,0.368899,0.220501
0.088752,0.321687,0.368513,0.221048
0.08951,0.320762,0.368117,0.221611
0.090356,0.319739,0.367695,0.22221
0.091212,0.318703,0.367235,0.222849
0.092033,0.317681,0.366754,0.223532
0.092856,0.316611,0.366279,0.224253
0.093746,0.31548,0.365802,0.224972
0.094729,0.314418,0.365237,0.225616
0.0958,0.313576,0.364482,0.226142
0.09693,0.312977,0.363515,0.226578
0.098086,0.312515,0.362402,0.226997
0.099234,0.312034,0.361248,0.227483
0.100339,0.311459,0.360127,0.228075
0.101378,0.310806,0.359056,0.228761
0.102359,0.310082,0.358049,0.22951
0.103307,0.309289,0.357116,0.230288
0.10423,0.30846,0.35624,0.23107
0.105116,0.30762,0.355398,0.231866
0.105946,0.306777,0.354574,0.232703
0.106726,0.305925,0.353752,0.233598
0.107477,0.305059,0.352925,0.234539
0.108223,0.304177,0.352096,0.235504
0.108985,0.303251,0.351289,0.236476
0.109775,0.30226,0.35052,0.237445
0.110591,0.301262,0.34976,0.238387
0.111412,0.30038,0.348946,0.239261
0.112215,0.299718,0.348031,0.240036
0.112982,0.299312,0.347005,0.240701
0.113709,0.299142,0.345877,0.241272
0.114407,0.299176,0.344649,0.241768
0.115095,0.299394,0.343319,0.242193
0.115788,0.299744,0.341907,0.242561
0.11649,0.30011,0.340477,0.242923
0.11718,0.300411,0.339084,0.243325
0.11782,0.300702,0.33772,0.243758
0.118396,0.301055,0.336359,0.24419
0.118921,0.301457,0.335012,0.24461
0.119411,0.301836,0.333715,0.245037
0.119882,0.302119,0.332497,0.245502
0.120343,0.302268,0.331373,0.246016
0.120805,0.302279,0.330345,0.246571
0.121275,0.302164,0.329409,0.247152
0.121757,0.301922,0.328562,0.247759
0.122248,0.301548,0.327801,0.248402
0.122734,0.301048,0.327119,0.2491
0.123196,0.300426,0.326512,0.249866
0.123622,0.299687,0.325991,0.2507
0.12401,0.298875,0.325535,0.25158
0.124356,0.298091,0.325083,0.25247
0.124659,0.297437,0.324573,0.253331
0.12492,0.296947,0.32399,0.254144
0.125146,0.296588,0.323356,0.25491
0.125341,0.296316,0.322696,0.255647
0.125504,0.296069,0.322039,0.256388
0.125629,0.295798,0.321408,0.257164
0.125706,0.295549,0.320786,0.257959
0.125728,0.295406,0.320138,0.258729
0.125698,0.295381,0.319466,0.259455
0.125636,0.295406,0.318802,0.260156
0.12556,0.295398,0.31818,0.260862
0.125477,0.295343,0.317606,0.261573
0.125378,0.295282,0.317067,0.262273
0.125248,0.295227,0.316568,0.262958
0.12509,0.295156,0.316114,0.26364
0.124949,0.29503,0.315698,0.264324
0.124871,0.294806,0.315319,0.265004
0.12486,0.29451,0.31496,0.26567
0.124883,0.294222,0.314588,0.266307
0.124889,0.294005,0.314188,0.266918
0.124862,0.293865,0.313766,0.267507
0.124851,0.293727,0.313352,0.26807
0.12491,0.293495,0.312994,0.268601
0.125053,0.29315,0.312695,0.269102
0.125258,0.292748,0.312422,0.269572
0.125479,0.292295,0.312198,0.270029
0.125684,0.291772,0.31206,0.270484
0.125881,0.291256,0.311961,0.270901
0.126096,0.29085,0.311816,0.271238
0.126341,0.290565,0.311596,0.271498
0.126624,0.290311,0.311342,0.271723
0.126944,0.290001,0.311108,0.271947
0.127283,0.289682,0.310888,0.272147
0.12762,0.289462,0.310638,0.27228
0.127947,0.289404,0.310317,0.272333
0.128253,0.289513,0.309915,0.272319
0.128524,0.289737,0.309483,0.272257
0.128752,0.289968,0.309098,0.272181
0.128949,0.290144,0.308786,0.27212
0.129112,0.290319,0.308498,0.272071
0.129233,0.290548,0.308196,0.272024
0.129311,0.290808,0.307898,0.271982
0.129354,0.291041,0.307646,0.27196
0.129363,0.291205,0.307463,0.27197
0.129336,0.2913,0.307354,0.272011
0.129268,0.291355,0.307309,0.272068
0.129169,0.291373,0.307317,0.272141
0.129051,0.29134,0.307368,0.272241
0.128903,0.291299,0.307442,0.272355
0.128702,0.291342,0.307507,0.272449
0.128434,0.291505,0.307555,0.272506
0.128107,0.291734,0.307613,0.272546
0.127737,0.291947,0.307721,0.272595
0.127333,0.292086,0.30791,0.272671
0.126898,0.292136,0.308188,0.272778
0.12644,0.292091,0.308551,0.272918
0.125979,0.291939,0.308993,0.273089
0.125536,0.29167,0.309494,0.2733
0.125109,0.291319,0.310013,0.27356
0.124678,0.290957,0.310494,0.273871
0.124213,0.290669,0.310893,0.274224
0.123701,0.290491,0.311198,0.274611
0.123147,0.29035,0.311455,0.275047
0.122568,0.290176,0.311724,0.275532
0.121961,0.290025,0.311987,0.276027
0.121311,0.28997,0.312195,0.276523
0.12061,0.290013,0.312325,0.277052
0.119851,0.290131,0.312381,0.277636
0.119043,0.29028,0.312386,0.27829
0.118219,0.290388,0.312372,0.279021
0.117411,0.290449,0.312337,0.279804
0.116604,0.290614,0.312225,0.280556
0.115755,0.291069,0.31198,0.281196
0.114842,0.291895,0.311578,0.281685
0.113889,0.293077,0.311011,0.282023
0.11292,0.294537,0.310305,0.282238
0.111946,0.296132,0.309528,0.282394
0.110972,0.297719,0.308749,0.28256
0.109987,0.299281,0.307978,0.282753
0.108975,0.300914,0.307182,0.282929
0.107921,0.302698,0.306347,0.283033
0.106823,0.30465,0.305481,0.283046
0.105675,0.306738,0.304595,0.282992
0.104479,0.308904,0.303708,0.282909
0.103261,0.311069,0.302844,0.282826
0.102056,0.313143,0.302024,0.282778
0.100887,0.315074,0.301258,0.282781
0.099753,0.316884,0.300547,0.282815
0.098631,0.318651,0.299877,0.282841
0.097496,0.320434,0.299235,0.282835
0.096341,0.322211,0.298631,0.282817
0.095173,0.323921,0.298085,0.282821
0.094004,0.325542,0.297595,0.282859
0.092846,0.327063,0.297157,0.282934
0.091706,0.328474,0.296769,0.283051
0.090573,0.329807,0.296416,0.283204
0.089425,0.331108,0.29608,0.283387
0.088261,0.332359,0.295765,0.283616
0.087103,0.333534,0.295476,0.283888
0.085978,0.334689,0.295183,0.28415
0.084918,0.335895,0.294855,0.284332
0.083967,0.337148,0.294483,0.284402
0.083179,0.338368,0.29408,0.284374
0.082575,0.339479,0.293658,0.284288
0.082116,0.340511,0.293215,0.284159
0.081707,0.341569,0.292749,0.283976
0.081277,0.342752,0.292255,0.283715
0.080842,0.344081,0.291725,0.283352
0.080453,0.345482,0.291172,0.282893
0.080135,0.34684,0.290636,0.282389
0.079877,0.348118,0.290134,0.281871
0.079632,0.349411,0.289629,0.281328
0.07935,0.350852,0.289079,0.280719
0.079011,0.352505,0.288472,0.280012
0.07862,0.354332,0.287835,0.279213
0.078188,0.356208,0.287226,0.278378
0.07772,0.358045,0.286679,0.277556
0.077211,0.359897,0.286154,0.276738
0.076655,0.361846,0.285605,0.275894
0.076052,0.363872,0.285047,0.275028
0.075408,0.365903,0.284518,0.274172
0.074726,0.367887,0.284037,0.273351
0.074005,0.369803,0.283613,0.272579
0.073252,0.371649,0.283241,0.271858
0.072478,0.373445,0.282896,0.271181
0.071706,0.375206,0.282551,0.270537
0.070967,0.376921,0.282202,0.26991
0.070277,0.378631,0.281842,0.26925
0.069626,0.380423,0.281433,0.268517
0.068995,0.382325,0.28095,0.26773
0.068354,0.384286,0.280408,0.266952
0.06769,0.386268,0.279827,0.266216
0.06704,0.388281,0.279192,0.265487
0.066458,0.390363,0.278474,0.264705
0.065964,0.392522,0.277667,0.263847
0.065548,0.394717,0.276801,0.262935
0.065175,0.396886,0.275925,0.262015
0.064806,0.398978,0.275081,0.261134
0.064417,0.400976,0.274291,0.260316
0.063999,0.402899,0.273556,0.259546
0.063552,0.404794,0.27286,0.258793
0.063077,0.406708,0.272182,0.258032
0.062583,0.408645,0.271514,0.257257
0.062087,0.410554,0.270873,0.256487
0.061603,0.412375,0.270274,0.255747
0.06115,0.41409,0.269715,0.255045
0.060743,0.415712,0.269181,0.254364
0.060398,0.417239,0.268669,0.253694
0.060124,0.418649,0.268187,0.25304
0.059904,0.419932,0.267741,0.252424
0.059698,0.421102,0.267336,0.251864
0.059478,0.422185,0.26697,0.251366
0.059255,0.423206,0.266628,0.250911
0.059047,0.424178,0.2663,0.250475
0.058861,0.425101,0.265986,0.250052
0.058692,0.42596,0.265698,0.24965
0.058529,0.426732,0.265455,0.249284
0.058359,0.427409,0.265268,0.248964
0.058169,0.428004,0.265133,0.248695
0.057948,0.42854,0.265033,0.248479
0.057695,0.429042,0.264956,0.248307
0.057412,0.429535,0.264894,0.248159
0.057107,0.430049,0.264835,0.248009
0.056787,0.430614,0.264763,0.247835
0.056455,0.431248,0.264674,0.247624
0.056103,0.431942,0.264574,0.247381
0.055724,0.432676,0.264478,0.247122
0.055323,0.433411,0.2644,0.246867
0.054924,0.434103,0.264337,0.246636
0.054551,0.434722,0.264279,0.246448
0.054217,0.435266,0.264213,0.246304
0.053913,0.435767,0.264124,0.246196
0.053607,0.436277,0.264006,0.24611
0.053286,0.436814,0.263875,0.246025
0.052982,0.437354,0.263737,0.245927
0.052744,0.437854,0.263581,0.245822
0.052589,0.438266,0.263414,0.245731
0.052496,0.438588,0.26325,0.245666
0.052414,0.438911,0.263074,0.245601
0.052322,0.439358,0.262846,0.245474
0.05225,0.440007,0.262522,0.245221
0.052224,0.440886,0.262072,0.244817
0.05224,0.441972,0.261504,0.244285
0.052264,0.443196,0.26086,0.24368
0.052272,0.444454,0.260212,0.243062
0.052264,0.445663,0.259618,0.242454
0.052256,0.446825,0.259082,0.241838
0.052254,0.447946,0.258588,0.241211
0.052257,0.449003,0.258143,0.240597
0.052247,0.449999,0.257749,0.240005
0.052213,0.450978,0.257388,0.239421
0.052165,0.451978,0.257028,0.238828
0.052114,0.453015,0.25665,0.23822
0.052056,0.454061,0.256269,0.237614
0.051975,0.455095,0.2559,0.23703
0.051864,0.456183,0.255515,0.236439
0.051726,0.45741,0.255072,0.235792
0.051567,0.458802,0.254556,0.235075
0.051388,0.460326,0.253977,0.23431
0.051185,0.461938,0.253361,0.233517
0.05096,0.463605,0.252727,0.232708
0.050713,0.465297,0.252092,0.231898
0.05044,0.466979,0.251481,0.2311
0.050149,0.468616,0.250909,0.230326
0.049873,0.470175,0.250373,0.229578
0.049653,0.471631,0.249864,0.228851
0.049516,0.472969,0.249373,0.228141
0.049473,0.474187,0.248901,0.227439
0.049513,0.475305,0.24845,0.226732
0.049589,0.476391,0.248014,0.226006
0.049656,0.47753,0.247569,0.225245
0.049708,0.478767,0.247091,0.224433
0.049764,0.480104,0.246567,0.223564
0.049831,0.481527,0.245999,0.222643
0.0499,0.48303,0.24539,0.22168
0.049964,0.484608,0.244745,0.220683
0.050026,0.486232,0.244078,0.219665
0.050095,0.487855,0.243408,0.218643
0.050183,0.489434,0.242749,0.217634
0.050298,0.490945,0.242109,0.216649
0.050438,0.492393,0.241482,0.215686
0.050591,0.493826,0.240855,0.214727
0.050736,0.495287,0.240218,0.213759
0.050853,0.496774,0.23958,0.212793
0.050938,0.498245,0.238964,0.211853
0.050997,0.499664,0.238385,0.210955
0.051032,0.501023,0.237846,0.210099
0.051041,0.502325,0.23735,0.209285
0.051021,0.50358,0.236891,0.208508
0.050972,0.504809,0.236466,0.207754
0.050888,0.506024,0.236079,0.20701
0.050771,0.507207,0.23574,0.206281
0.05063,0.50834,0.235458,0.205573
0.050469,0.509446,0.235218,0.204867
0.050277,0.510569,0.235008,0.204146
0.050045,0.51172,0.234822,0.203413
0.049775,0.512885,0.234655,0.202685
0.04949,0.514037,0.234503,0.20197
0.049222,0.515141,0.234365,0.201272
0.048996,0.516178,0.234233,0.200594
0.048815,0.517149,0.234098,0.199938
0.048665,0.51806,0.233967,0.199308
0.04852,0.518925,0.233849,0.198707
0.048355,0.519786,0.23374,0.198119
0.048167,0.520687,0.233632,0.197514
0.047968,0.521635,0.233528,0.196869
0.047767,0.522614,0.233434,0.196185
0.047563,0.523596,0.233366,0.195475
0.047349,0.524547,0.233342,0.194762
0.047115,0.52545,0.233369,0.194065
0.046856,0.526319,0.233438,0.193387
0.046564,0.527184,0.233542,0.19271
0.046233,0.528068,0.233684,0.192014
0.04586,0.528984,0.233863,0.191293
0.045452,0.529923,0.234069,0.190556
0.045021,0.530868,0.234296,0.189815
0.04457,0.531809,0.234533,0.189088
0.044097,0.532735,0.234777,0.188391
0.043611,0.533615,0.235032,0.187741
0.043128,0.534427,0.235303,0.187142
0.04265,0.53518,0.235588,0.186581
0.042176,0.535896,0.235887,0.18604
0.041697,0.53659,0.236199,0.185513
0.041202,0.537274,0.236515,0.185008
0.04068,0.537958,0.236827,0.184535
0.040138,0.538638,0.237128,0.184096
0.039587,0.539304,0.237421,0.183688
0.039036,0.539949,0.237714,0.183301
0.038486,0.540573,0.238015,0.182925
0.037932,0.541172,0.23833,0.182566
0.03736,0.541742,0.238667,0.182231
0.036761,0.54229,0.239026,0.181923
0.036137,0.542825,0.239411,0.181628
0.03549,0.54335,0.239821,0.181339
0.034821,0.543865,0.240257,0.181057
0.034127,0.54437,0.240721,0.180782
0.033408,0.544856,0.241215,0.180521
0.032664,0.545312,0.241738,0.180286
0.031896,0.545737,0.242285,0.180081
0.031102,0.54615,0.242846,0.179903
0.030277,0.546574,0.243403,0.179746
0.029427,0.547027,0.243945,0.179601
0.028558,0.547509,0.244475,0.179459
0.027678,0.547996,0.245007,0.17932
0.026799,0.548471,0.245538,0.179193
0.02593,0.548955,0.246044,0.179072
0.025073,0.549471,0.24651,0.178946
0.024224,0.550011,0.24695,0.178815
0.023368,0.550555,0.247394,0.178682
0.022495,0.551085,0.247863,0.178557
0.021624,0.551591,0.248349,0.178436
0.020794,0.552072,0.248831,0.178303
0.020039,0.55252,0.249294,0.178146
0.019363,0.552934,0.249735,0.177968
0.01873,0.55333,0.250163,0.177778
0.0181,0.55373,0.250588,0.177582
0.017472,0.554126,0.251019,0.177383
0.016861,0.554497,0.251456,0.177185
0.016266,0.554879,0.251876,0.176979
0.015665,0.555346,0.252246,0.176744
0.015037,0.555963,0.252539,0.176461
0.014372,0.556759,0.252748,0.176122
0.013668,0.557704,0.252894,0.175734
0.01293,0.558719,0.253022,0.175329
0.012168,0.559744,0.253159,0.17493
0.011391,0.56079,0.253293,0.174526
0.010603,0.561903,0.253392,0.174101
0.009795,0.563153,0.253418,0.173633
0.008965,0.564626,0.253323,0.173086
0.008137,0.566377,0.253063,0.172422
0.007344,0.56841,0.252617,0.17163
0.0066,0.570704,0.25198,0.170716
0.005898,0.573223,0.251183,0.169696
0.005206,0.575893,0.250295,0.168606
0.004505,0.578602,0.249393,0.1675
0.00382,0.581277,0.248496,0.166406
0.003187,0.583942,0.247564,0.165306
0.002611,0.586641,0.246565,0.164183
0.00207,0.589394,0.245502,0.163034
0.001531,0.592195,0.244404,0.161869
0.000968,0.595003,0.243321,0.160708
0.000373,0.597782,0.242284,0.159561
0,0.600392,0.241224,0.158384
0,0.60276,0.24009,0.15715
0,0.605099,0.238977,0.155924
0,0.607401,0.237888,0.154711
0,0.609685,0.236813,0.153502
0,0.611962,0.235748,0.15229
0,0.614218,0.234709,0.151073
0,0.616429,0.233717,0.149854
0,0.618583,0.232778,0.148639
0,0.620692,0.23188,0.147427
0,0.622775,0.231005,0.14622
0,0.624831,0.230155,0.145015
0,0.626847,0.229345,0.143808
0,0.628813,0.228579,0.142607
0,0.630733,0.227848,0.141418
0,0.632629,0.227135,0.140236
0,0.634528,0.22642,0.139052
0,0.636443,0.225693,0.137864
0,0.638367,0.224955,0.136678
0,0.640285,0.224213,0.135501
0,0.642179,0.223483,0.134338
0,0.644022,0.222781,0.133197
0,0.645797,0.222118,0.132086
0,0.647504,0.221497,0.131
0,0.649162,0.220907,0.129931
0,0.650788,0.220334,0.128878
0,0.652391,0.219772,0.127837
0,0.653984,0.219218,0.126798
0,0.655586,0.218663,0.125752
0,0.657215,0.218089,0.124695
0,0.658889,0.217489,0.123622
0,0.66061,0.216862,0.122528
0,0.662353,0.216215,0.121432
0,0.66408,0.215564,0.120355
0,0.665803,0.214901,0.119295
0,0.667582,0.214194,0.118224
0,0.669448,0.213434,0.117118
0,0.671382,0.212641,0.115976
0,0.673355,0.211836,0.114809
0,0.675352,0.211021,0.113627
0,0.677362,0.210192,0.112445
0,0.679356,0.209365,0.111279
0,0.681308,0.208556,0.110136
0,0.683227,0.207764,0.109009
0,0.685117,0.206986,0.107897
0,0.686977,0.206217,0.106806
0,0.688819,0.205439,0.105742
0,0.690637,0.204649,0.104714
0,0.692402,0.203869,0.103729
0,0.694103,0.203118,0.102778
0,0.695745,0.202408,0.101847
0,0.697337,0.201736,0.100927
0,0.698879,0.201098,0.100023
0,0.700357,0.200495,0.099149
0,0.701752,0.199926,0.098322
0,0.703062,0.199376,0.097563
0,0.704285,0.198825,0.09689
0,0.705412,0.198274,0.096314
0,0.706433,0.197736,0.095831
0,0.707353,0.197227,0.095421
0,0.70819,0.196756,0.095054
0,0.708969,0.196326,0.094704
0,0.709711,0.19593,0.094359
0,0.710417,0.195555,0.094028
0,0.71108,0.195198,0.093722
0,0.711711,0.194846,0.093443
0,0.712327,0.194473,0.0932
0,0.712931,0.194062,0.093008
0,0.71351,0.193618,0.092872
0,0.714049,0.193165,0.092785
0,0.71455,0.192723,0.092727
0,0.715042,0.192289,0.092669
0,0.715552,0.191853,0.092595
0,0.71609,0.191409,0.092501
0,0.716656,0.190954,0.09239
0,0.717242,0.190491,0.092267
0,0.717827,0.19003,0.092143
0,0.718387,0.189584,0.092029
0,0.718914,0.189157,0.091929
0,0.719411,0.188749,0.09184
0,0.719872,0.188367,0.091761
0,0.720295,0.188017,0.091688
0,0.72069,0.187693,0.091617
0,0.721095,0.187372,0.091533
0,0.721549,0.187032,0.091419
0,0.722066,0.186662,0.091272
0,0.722621,0.18627,0.091108
0,0.72318,0.185877,0.090943
0,0.723741,0.185491,0.090768
0,0.724326,0.185103,0.090571
0,0.724958,0.184695,0.090347
0,0.725656,0.184251,0.090093
0,0.726432,0.183764,0.089805
0,0.727284,0.183235,0.089481
0,0.728188,0.18268,0.089132
0,0.729106,0.18212,0.088774
0,0.730021,0.181563,0.088416
0,0.730944,0.181003,0.088054
0,0.731889,0.180433,0.087679
0,0.732852,0.179857,0.087291
0,0.733818,0.179286,0.086896
0,0.734779,0.178725,0.086496
0,0.735731,0.178181,0.086088
0,0.736664,0.17766,0.085676
0,0.737576,0.177159,0.085265
0,0.738478,0.176668,0.084854
0,0.739371,0.176186,0.084442
0,0.740252,0.175721,0.084027
0,0.741116,0.175275,0.083609
0,0.741963,0.174848,0.083189
0,0.742793,0.174436,0.082771
0,0.743605,0.174033,0.082362
0,0.744399,0.173639,0.081962
0,0.745173,0.173256,0.081571
0,0.745926,0.172888,0.081186
0,0.746668,0.172532,0.0808
0,0.747416,0.172177,0.080407
0,0.748173,0.171816,0.080011
0,0.74892,0.171454,0.079625
0,0.749637,0.171103,0.07926
0,0.750328,0.170758,0.078914
0,0.751001,0.170416,0.078583
0,0.751659,0.170082,0.078258
0,0.752332,0.16974,0.077928
0,0.753048,0.169351,0.0776
0,0.75379,0.168911,0.077299
0,0.754512,0.168443,0.077045
0,0.755189,0.16797,0.076841
0,0.755832,0.167495,0.076673
0,0.756481,0.167012,0.076507
0,0.757174,0.16651,0.076316
0,0.757933,0.165979,0.076089
0,0.758754,0.165418,0.075828
0,0.759602,0.164858,0.075541
0,0.760431,0.164331,0.075238
0,0.761213,0.163854,0.074933
0,0.761947,0.163419,0.074634
0,0.762651,0.163006,0.074343
0,0.763343,0.162596,0.074061
0,0.764023,0.162194,0.073783
0,0.764675,0.161819,0.073506
0,0.765277,0.16149,0.073233
0,0.765821,0.16121,0.072969
0,0.766328,0.160959,0.072713
0,0.766824,0.160708,0.072468
0,0.767326,0.160439,0.072235
0,0.767849,0.160141,0.072009
0,0.768404,0.159813,0.071783
0,0.768981,0.15947,0.07155
0,0.769561,0.159131,0.071308
0,0.770137,0.158801,0.071062
0,0.770705,0.158469,0.070826
0,0.771259,0.158124,0.070617
0,0.771782,0.157765,0.070453
0,0.77226,0.157396,0.070343
0,0.772687,0.157036,0.070277
0,0.773064,0.156707,0.070229
0,0.773389,0.156436,0.070175
0,0.77365,0.156239,0.07011
0,0.773848,0.156117,0.070035
0,0.774009,0.156048,0.069943
0,0.774166,0.155995,0.069839
0,0.774328,0.155935,0.069737
0,0.774488,0.155874,0.069638
0.000761,0.774054,0.1557,0.069486
0.001501,0.773641,0.15553,0.069328
0.002201,0.773266,0.155364,0.069169
0.002861,0.772924,0.155207,0.069008
0.003485,0.772619,0.155055,0.068841
0.00408,0.772359,0.154899,0.068661
0.00466,0.772135,0.154736,0.06847
0.005235,0.771927,0.154567,0.06827
0.005803,0.771738,0.154393,0.068066
0.006352,0.771584,0.154211,0.067853
0.006881,0.771461,0.154027,0.067631
0.007414,0.771331,0.153855,0.067401
0.007958,0.771174,0.1537,0.067168
0.008502,0.77103,0.153542,0.066926
0.009029,0.770959,0.153353,0.066659
0.009528,0.770991,0.153121,0.066359
0.009995,0.771118,0.152853,0.066034
0.010432,0.771292,0.152575,0.0657
0.01085,0.77146,0.152313,0.065377
0.011268,0.771588,0.152072,0.065072
0.011703,0.771661,0.151851,0.064785
0.012159,0.77168,0.151652,0.064509
0.012623,0.771671,0.151468,0.064237
0.013072,0.771676,0.15129,0.063961
0.013492,0.771729,0.151105,0.063675
0.013898,0.771823,0.150906,0.063372
0.01432,0.771932,0.150694,0.063054
0.014776,0.772031,0.150473,0.062721
0.015266,0.772109,0.15025,0.062376
0.015777,0.772168,0.150029,0.062026
0.016288,0.772223,0.149814,0.061675
0.016774,0.772299,0.149602,0.061325
0.017226,0.772404,0.149389,0.060981
0.017651,0.77252,0.149182,0.060647
0.018055,0.772646,0.148984,0.060316
0.018438,0.772796,0.148786,0.05998
0.018798,0.77298,0.148583,0.059639
0.019128,0.773198,0.148376,0.059298
0.019425,0.773444,0.148175,0.058956
0.019692,0.773699,0.147998,0.058611
0.019953,0.773931,0.147857,0.058258
0.020249,0.77411,0.147743,0.057898
0.020613,0.774228,0.147633,0.057525
0.021051,0.774296,0.147516,0.057137
0.021539,0.774326,0.147402,0.056733
0.02203,0.774327,0.14732,0.056323
0.022502,0.774313,0.147279,0.055907
0.022965,0.774302,0.147253,0.05548
0.023443,0.774318,0.147204,0.055035
0.023954,0.774376,0.147107,0.054564
0.024508,0.774468,0.146956,0.054067
0.02511,0.774572,0.146761,0.053556
0.025757,0.774662,0.146541,0.053039
0.026437,0.774721,0.146321,0.05252
0.027139,0.774756,0.146107,0.051999
0.027846,0.774796,0.145887,0.051471
0.028542,0.774874,0.145651,0.050932
0.029208,0.775006,0.145399,0.050387
0.029838,0.775167,0.14515,0.049845
0.030443,0.775325,0.144918,0.049314
0.031034,0.775484,0.144694,0.048789
0.031604,0.775663,0.144471,0.048263
0.032142,0.775856,0.144265,0.047737
0.032642,0.776049,0.144095,0.047214
0.033103,0.776245,0.143954,0.046697
0.033533,0.776464,0.14382,0.046183
0.033937,0.776719,0.143675,0.045669
0.034316,0.777009,0.143502,0.045174
0.034664,0.777323,0.14329,0.044723
0.034977,0.777636,0.143046,0.044341
0.035255,0.777913,0.142789,0.044042
0.035501,0.778138,0.142542,0.043819
0.035711,0.778339,0.142305,0.043644
0.035886,0.778566,0.142066,0.043482
0.036033,0.778841,0.14181,0.043315
0.036164,0.779142,0.141533,0.043161
0.036286,0.779442,0.14123,0.043043
0.036387,0.779742,0.140897,0.042974
0.036456,0.780056,0.140531,0.042957
0.036493,0.780395,0.140124,0.042988
0.036512,0.780764,0.139668,0.043056
0.036523,0.781162,0.139168,0.043148
0.036532,0.781584,0.138634,0.04325
0.036547,0.782018,0.138083,0.043352
0.03657,0.782448,0.137534,0.043448
0.036592,0.782876,0.137001,0.043531
0.036596,0.783316,0.136481,0.043608
0.036574,0.783765,0.135981,0.043679
0.036537,0.78421,0.135508,0.043745
0.036491,0.784647,0.135058,0.043804
0.036433,0.78508,0.134628,0.04386
0.036351,0.785526,0.134215,0.043908
0.036237,0.786011,0.133805,0.043947
0.036089,0.786547,0.133387,0.043977
0.03592,0.787137,0.13295,0.043993
0.035749,0.787783,0.132477,0.04399
0.035595,0.788473,0.131968,0.043964
0.035457,0.789182,0.131442,0.043918
0.035324,0.78989,0.130927,0.043858
0.035219,0.79056,0.130434,0.043787
0.035189,0.791143,0.129961,0.043707
0.035261,0.79162,0.129503,0.043615
0.035427,0.792006,0.129056,0.04351
0.035654,0.792326,0.128623,0.043397
0.035907,0.792602,0.128206,0.043285
0.036158,0.79286,0.127803,0.04318
0.036394,0.79311,0.127413,0.043083
0.036609,0.793352,0.127042,0.042996
0.036802,0.793589,0.12669,0.042919
0.036971,0.793826,0.126348,0.042855
0.037111,0.794066,0.126016,0.042808
0.037217,0.794306,0.125702,0.042775
0.037303,0.794534,0.125418,0.042746
0.037396,0.794714,0.125177,0.042713
0.037524,0.794822,0.124977,0.042677
0.037697,0.79486,0.124803,0.042639
0.037901,0.794865,0.124637,0.042597
0.038104,0.794886,0.124464,0.042546
0.038283,0.794948,0.12428,0.042489
0.038453,0.79504,0.124079,0.042428
0.038643,0.795129,0.123863,0.042364
0.038875,0.79519,0.123634,0.042301
0.03915,0.795231,0.123385,0.042233
0.039448,0.795283,0.123115,0.042154
0.039738,0.795366,0.12283,0.042066
0.040024,0.795458,0.122541,0.041977
0.040348,0.795506,0.122249,0.041898
0.040755,0.795468,0.121949,0.041828
0.041262,0.795338,0.121641,0.041759
0.041858,0.795127,0.121333,0.041681
0.042523,0.794852,0.121036,0.041589
0.043232,0.794525,0.120756,0.041488
0.043959,0.79417,0.120488,0.041382
0.044676,0.793837,0.120214,0.041273
0.045354,0.793585,0.119908,0.041153
0.045978,0.793442,0.119567,0.041013
0.046553,0.793366,0.119218,0.040862
0.047084,0.793304,0.118888,0.040724
0.047567,0.793259,0.118563,0.04061
0.047994,0.793283,0.118214,0.04051
0.048362,0.793405,0.117831,0.040402
0.048686,0.793617,0.11742,0.040276
0.048995,0.793885,0.116983,0.040138
0.049312,0.794163,0.11653,0.039995
0.049645,0.794428,0.116079,0.039847
0.049985,0.794688,0.115638,0.039689
0.050314,0.794964,0.115205,0.039517
0.05062,0.795267,0.114779,0.039335
0.050896,0.795595,0.11436,0.039149
0.051141,0.795943,0.113952,0.038964
0.051352,0.796315,0.113557,0.038776
0.051531,0.796712,0.113177,0.03858
0.05168,0.79713,0.112815,0.038375
0.051801,0.797562,0.112474,0.038163
0.051897,0.798003,0.112157,0.037943
0.051965,0.798457,0.111862,0.037716
0.052006,0.798921,0.111585,0.037487
0.052036,0.799377,0.111322,0.037265
0.052075,0.799809,0.111063,0.037053
0.05214,0.800215,0.110792,0.036853
0.052244,0.800598,0.110498,0.036661
0.052394,0.80096,0.110166,0.03648
0.052579,0.80132,0.109789,0.036312
0.052776,0.801697,0.109372,0.036155
0.052955,0.802114,0.108926,0.036005
0.0531,0.802583,0.108465,0.035853
0.053216,0.803072,0.108011,0.0357
0.053322,0.803532,0.107579,0.035566
0.053428,0.803933,0.107168,0.035471
0.053537,0.804262,0.10678,0.035421
0.053649,0.804504,0.106429,0.035418
0.053769,0.804646,0.106125,0.03546
0.0539,0.804688,0.105873,0.035538
0.054046,0.80464,0.105673,0.035641
0.0542,0.804539,0.105511,0.03575
0.054351,0.804436,0.105363,0.03585
0.054482,0.80437,0.105218,0.035931
0.054584,0.80435,0.10508,0.035986
0.054655,0.804376,0.104955,0.036014
0.054693,0.80445,0.104833,0.036024
0.054697,0.804566,0.104714,0.036023
0.054677,0.804706,0.104605,0.036013
0.054648,0.804849,0.104507,0.035996
0.054626,0.804992,0.104407,0.035975
0.05462,0.805135,0.104299,0.035946
0.054636,0.805263,0.104194,0.035908
0.054674,0.805356,0.104109,0.035861
0.054718,0.805412,0.10406,0.03581
0.054747,0.805451,0.104046,0.035756
0.05475,0.805487,0.104059,0.035704
0.054734,0.805512,0.104097,0.035657
0.054704,0.805521,0.104159,0.035616
0.054661,0.805518,0.104244,0.035576
0.054611,0.805514,0.104344,0.035531
0.054565,0.805512,0.104448,0.035475
0.054536,0.805495,0.104558,0.035411
0.054535,0.805438,0.104686,0.035341
0.054557,0.805339,0.104831,0.035272
0.054587,0.805227,0.104985,0.0352
0.054609,0.805123,0.105144,0.035124
0.05463,0.805022,0.105305,0.035043
0.054669,0.804903,0.105471,0.034956
0.054738,0.804751,0.105648,0.034863
0.054845,0.804549,0.10584,0.034766
0.054987,0.804294,0.10605,0.034669
0.055156,0.803997,0.106273,0.034574
0.055334,0.803686,0.106503,0.034477
0.055504,0.803387,0.106733,0.034376
0.055664,0.803101,0.106967,0.034268
0.055828,0.802809,0.107213,0.034151
0.056007,0.802499,0.107469,0.034025
0.056205,0.802179,0.107723,0.033893
0.05642,0.80186,0.107962,0.033758
0.056653,0.801546,0.10818,0.03362
0.056908,0.801235,0.108379,0.033478
0.057188,0.800917,0.108564,0.033331
0.057495,0.800583,0.108745,0.033177
0.057824,0.800216,0.108931,0.033029
0.058165,0.79981,0.109124,0.032901
0.058503,0.799376,0.10932,0.032801
0.058828,0.798925,0.109516,0.032731
0.059164,0.798437,0.109714,0.032684
0.059558,0.797876,0.109917,0.032649
0.060046,0.797212,0.110123,0.032618
0.060636,0.796442,0.110336,0.032587
0.061301,0.795594,0.110555,0.032551
0.061997,0.794716,0.110778,0.032509
0.062689,0.793844,0.110999,0.032469
0.063371,0.792978,0.111214,0.032437
0.064062,0.792098,0.111424,0.032415
0.064773,0.791194,0.111631,0.032402
0.065505,0.790266,0.111838,0.032391
0.066253,0.789315,0.112054,0.032378
0.067006,0.78835,0.112287,0.032358
0.067743,0.787388,0.112531,0.032338
0.068452,0.786449,0.112771,0.032329
0.069139,0.785525,0.112999,0.032337
0.069817,0.784598,0.113222,0.032363
0.070491,0.78366,0.113447,0.032402
0.07116,0.782721,0.113677,0.032443
0.071816,0.781797,0.113908,0.032479
0.072451,0.780894,0.114142,0.032513
0.07307,0.780017,0.114373,0.032539
0.073682,0.77918,0.114586,0.032552
0.074279,0.778397,0.114774,0.03255
0.074851,0.777658,0.114954,0.032537
0.07539,0.776945,0.115147,0.032519
0.075901,0.776239,0.115362,0.032498
0.07639,0.775543,0.115594,0.032474
0.076856,0.774863,0.115833,0.032448
0.077299,0.774197,0.116076,0.032428
0.077722,0.773544,0.116317,0.032418
0.078125,0.772914,0.116544,0.032416
0.078507,0.772317,0.116749,0.032427
0.07886,0.771751,0.116934,0.032455
0.079177,0.771208,0.117112,0.032502
0.079457,0.770679,0.117297,0.032566
0.079713,0.770142,0.117502,0.032643
0.079965,0.769577,0.117729,0.032729
0.08022,0.768983,0.117972,0.032825
0.080479,0.768373,0.118222,0.032926
0.080734,0.767772,0.11847,0.033024
0.080975,0.767208,0.118706,0.033111
0.081193,0.766693,0.118926,0.033187
0.081388,0.766223,0.119126,0.033263
0.081561,0.765788,0.119304,0.033348
0.081711,0.765374,0.119459,0.033456
0.081841,0.764969,0.119594,0.033596
0.081952,0.764561,0.119713,0.033773
0.082048,0.764144,0.119828,0.033981
0.082121,0.763726,0.119946,0.034207
0.082165,0.76333,0.120064,0.034441
0.082183,0.762973,0.120166,0.034678
0.082183,0.762661,0.120243,0.034914
0.082172,0.762384,0.120299,0.035146
0.082158,0.762125,0.120347,0.035369
0.082145,0.761871,0.120402,0.035583
0.082122,0.761623,0.120462,0.035792
0.08208,0.761403,0.120515,0.036003
0.082027,0.761209,0.120553,0.03621
0.081987,0.761024,0.12058,0.03641
0.081972,0.760831,0.1206,0.036598
0.081973,0.760638,0.120613,0.036776
0.081965,0.760475,0.120618,0.036942
0.081932,0.76036,0.120616,0.037092
0.081872,0.760296,0.120605,0.037227
0.08179,0.760274,0.120583,0.037353
0.081701,0.760276,0.120549,0.037475
0.081616,0.760284,0.120502,0.037598
0.08154,0.760284,0.120449,0.037727
0.08147,0.760275,0.120394,0.037861
0.081396,0.760264,0.12034,0.038
0.081306,0.760261,0.120288,0.038145
0.081196,0.760267,0.120237,0.0383
0.081068,0.760281,0.120183,0.038468
0.08093,0.760296,0.120128,0.038647
0.080786,0.760295,0.120086,0.038833
0.08064,0.760272,0.120068,0.03902
0.08049,0.760237,0.120069,0.039203
0.08033,0.76021,0.120082,0.039378
0.080154,0.760186,0.120113,0.039548
0.079956,0.760152,0.120173,0.03972
0.079733,0.760105,0.120261,0.039901
0.079483,0.760059,0.120363,0.040095
0.079213,0.760021,0.120473,0.040294
0.078934,0.759983,0.120592,0.040491
0.078653,0.759942,0.120722,0.040682
0.078373,0.75991,0.120851,0.040865
0.078091,0.759905,0.120967,0.041037
0.0778,0.759931,0.121077,0.041193
0.077493,0.759966,0.121202,0.041339
0.077169,0.759988,0.121361,0.041482
0.076836,0.75999,0.121553,0.041621
0.076496,0.759981,0.12177,0.041753
0.076146,0.759978,0.122003,0.041874
0.075776,0.759998,0.122243,0.041983
0.075384,0.760054,0.122484,0.042078
0.074981,0.760144,0.122713,0.042161
0.074582,0.76026,0.12292,0.042238
0.0742,0.760386,0.1231,0.042313
0.073846,0.760505,0.123261,0.042388
0.073521,0.760597,0.123423,0.042458
0.073207,0.760671,0.123603,0.04252
0.072883,0.76076,0.123791,0.042566
0.072559,0.760886,0.123961,0.042594
0.072248,0.761059,0.124092,0.042601
0.07195,0.761285,0.124177,0.042588
0.071653,0.76157,0.124221,0.042556
0.071342,0.76191,0.124241,0.042507
0.071012,0.762288,0.124255,0.042446
0.070672,0.762676,0.124278,0.042374
0.070327,0.763061,0.124315,0.042296
0.069973,0.763445,0.124367,0.042215
0.069604,0.763829,0.124435,0.042132
0.069228,0.764213,0.124513,0.042045
0.068855,0.764597,0.124594,0.041953
0.068489,0.764983,0.124669,0.041859
0.068128,0.76537,0.124737,0.041766
0.067762,0.765755,0.124805,0.041678
0.067385,0.766133,0.124886,0.041596
0.066996,0.766502,0.124979,0.041524
0.0666,0.766859,0.125078,0.041463
0.066207,0.767195,0.12518,0.041417
0.065826,0.767502,0.125287,0.041385
0.065461,0.767787,0.125397,0.041355
0.065115,0.768068,0.1255,0.041317
0.064785,0.768358,0.125588,0.041268
0.064467,0.768654,0.12567,0.041209
0.064146,0.768952,0.12576,0.041141
0.063819,0.769248,0.125871,0.041062
0.063512,0.769522,0.125993,0.040973
0.063267,0.769738,0.126111,0.040883
0.063115,0.769855,0.12622,0.040809
0.06306,0.769854,0.126325,0.040761
0.063081,0.769761,0.126422,0.040736
0.063145,0.769624,0.12651,0.040721
0.063216,0.769482,0.126599,0.040703
0.06327,0.769353,0.126695,0.040683
0.063305,0.769231,0.126798,0.040666
0.063328,0.769106,0.126907,0.040658
0.063349,0.768969,0.127021,0.040661
0.063369,0.768811,0.127138,0.040682
0.063389,0.768625,0.127257,0.040729
0.063411,0.768416,0.127372,0.040801
0.06343,0.768202,0.127474,0.040894
0.063443,0.767994,0.127563,0.041
0.063447,0.767785,0.127661,0.041108
0.063439,0.767576,0.127776,0.04121
0.063406,0.767386,0.127895,0.041313
0.063337,0.767242,0.127995,0.041427
0.063221,0.767166,0.128053,0.041559
0.063059,0.767166,0.128064,0.041711
0.062851,0.767238,0.128033,0.041878
0.062603,0.767376,0.127973,0.042047
0.06232,0.767565,0.127905,0.04221
0.062008,0.767764,0.12785,0.042378
0.061666,0.767963,0.127803,0.042567
0.06129,0.768197,0.12773,0.042783
0.060876,0.768504,0.127602,0.043018
0.060423,0.768893,0.127417,0.043267
0.059938,0.769348,0.127193,0.043521
0.059429,0.769833,0.126965,0.043772
0.058913,0.770316,0.126754,0.044017
0.058402,0.770792,0.126556,0.044251
0.057901,0.771273,0.126356,0.04447
0.057411,0.77176,0.126154,0.044675
0.056928,0.772246,0.125955,0.044871
0.056444,0.772725,0.125769,0.045062
0.055954,0.773195,0.125601,0.045249
0.055455,0.773661,0.125451,0.045432
0.054946,0.774136,0.125311,0.045606
0.054429,0.77463,0.125169,0.045772
0.053905,0.775135,0.125025,0.045934
0.05337,0.775641,0.124888,0.046101
0.052819,0.776136,0.124763,0.046281
0.052268,0.776601,0.124653,0.046477
0.051745,0.777016,0.124554,0.046685
0.051267,0.777386,0.124454,0.046893
0.050829,0.777741,0.124336,0.047094
0.050405,0.778108,0.124205,0.047282
0.049979,0.778489,0.124074,0.047458
0.049572,0.778851,0.123956,0.047622
0.04921,0.779153,0.12386,0.047777
0.048899,0.779381,0.123791,0.047929
0.048625,0.779548,0.123749,0.048079
0.048372,0.779678,0.12373,0.048221
0.048124,0.779794,0.123727,0.048355
0.047873,0.779905,0.123737,0.048485
0.047613,0.780008,0.12377,0.04861
0.047341,0.780096,0.123837,0.048726
0.047055,0.780173,0.123936,0.048836
0.046755,0.780244,0.124057,0.048944
0.046452,0.780312,0.124185,0.049051
0.046162,0.780377,0.124306,0.049155
0.045904,0.780425,0.124419,0.049252
0.045695,0.78043,0.124534,0.049341
0.045545,0.780374,0.124656,0.049426
0.045449,0.780262,0.124783,0.049506
0.045392,0.780117,0.124911,0.04958
0.045344,0.779969,0.125037,0.049649
0.045289,0.779829,0.125163,0.049719
0.045243,0.779676,0.125292,0.049789
0.045233,0.779487,0.125422,0.049858
0.045275,0.779248,0.125548,0.049929
0.045374,0.778948,0.125672,0.050006
0.045512,0.778597,0.125799,0.050093
0.04566,0.778229,0.125922,0.050188
0.045794,0.777874,0.126041,0.050291
0.045914,0.777531,0.126157,0.050398
0.046024,0.777201,0.126274,0.050501
0.046121,0.776898,0.126387,0.050594
0.046194,0.776633,0.126487,0.050685
0.046244,0.776397,0.12657,0.050789
0.046279,0.776165,0.126641,0.050915
0.046307,0.775929,0.126697,0.051067
0.046334,0.775693,0.126728,0.051246
0.04636,0.775455,0.126734,0.051451
0.046382,0.775217,0.126728,0.051674
0.046392,0.774994,0.126714,0.0519
0.046384,0.774798,0.126695,0.052123
0.046369,0.774611,0.126662,0.052359
0.046368,0.774399,0.126611,0.052621
0.046401,0.774136,0.126545,0.052917
0.046472,0.773812,0.126472,0.053245
0.046568,0.773432,0.126397,0.053603
0.04667,0.773022,0.126322,0.053985
0.04676,0.772615,0.126244,0.054381
0.046835,0.772226,0.126161,0.054778
0.046904,0.77185,0.126077,0.055169
0.046975,0.771472,0.126,0.055553
0.047044,0.77109,0.125933,0.055933
0.047098,0.770716,0.125875,0.05631
0.047132,0.770361,0.125819,0.056688
0.047149,0.770019,0.125759,0.057072
0.047163,0.76967,0.125697,0.057469
0.047184,0.769299,0.125632,0.057885
0.047211,0.768906,0.125563,0.058321
0.047236,0.768495,0.125488,0.058781
0.04725,0.768076,0.125411,0.059263
0.047242,0.767663,0.125332,0.059763
0.047217,0.767264,0.125253,0.060266
0.04718,0.766871,0.12518,0.060769
0.047134,0.766474,0.125115,0.061277
0.047081,0.766071,0.125053,0.061796
0.047019,0.765664,0.124991,0.062326
0.046947,0.765255,0.124932,0.062865
0.046864,0.764843,0.124877,0.063416
0.046764,0.764427,0.12483,0.063979
0.046647,0.764007,0.124793,0.064552
0.046517,0.763585,0.12477,0.065128
0.046375,0.763162,0.124766,0.065697
0.046223,0.762734,0.124787,0.066256
0.046067,0.762299,0.124826,0.066808
0.045919,0.761857,0.124874,0.06735
0.045784,0.761405,0.124928,0.067883
0.045651,0.760952,0.124989,0.068408
0.045507,0.760518,0.125052,0.068923
0.045356,0.760106,0.125112,0.069427
0.04521,0.759697,0.125172,0.069921
0.045074,0.75927,0.125247,0.070409
0.044941,0.758829,0.12534,0.07089
0.044804,0.758387,0.125451,0.071359
0.044653,0.75796,0.125569,0.071818
0.044481,0.757563,0.125685,0.072271
0.044289,0.757192,0.125798,0.072721
0.044088,0.756825,0.125921,0.073165
0.04389,0.756447,0.126061,0.073602
0.043698,0.756063,0.12621,0.074029
0.043508,0.755686,0.126357,0.074449
0.043306,0.755329,0.126505,0.07486
0.043087,0.754991,0.126658,0.075265
0.042858,0.754666,0.126813,0.075663
0.042628,0.754349,0.126969,0.076054
0.042389,0.754058,0.127121,0.076432
0.042132,0.753818,0.127258,0.076791
0.041858,0.753641,0.127375,0.077126
0.041574,0.75351,0.12748,0.077436
0.041284,0.753393,0.127598,0.077725
0.040984,0.753279,0.127739,0.077998
0.04066,0.753221,0.12787,0.078249
0.040315,0.753265,0.127952,0.078468
0.039973,0.753392,0.127975,0.078659
0.039658,0.753544,0.127962,0.078836
0.039379,0.753661,0.127945,0.079015
0.03913,0.753725,0.12794,0.079205
0.038884,0.753769,0.127948,0.079399
0.038625,0.753827,0.127961,0.079587
0.038355,0.753901,0.12797,0.079774
0.03808,0.75398,0.127976,0.079964
0.037792,0.754063,0.127987,0.080158
0.037488,0.754152,0.12801,0.08035
0.037176,0.754246,0.128043,0.080535
0.036864,0.754351,0.128074,0.08071
0.036554,0.754476,0.128096,0.080873
0.036243,0.754614,0.128113,0.081031
0.035923,0.754755,0.128136,0.081185
0.035591,0.754898,0.12817,0.081341
0.035241,0.755046,0.128205,0.081509
0.03487,0.755205,0.128231,0.081695
0.034482,0.755379,0.128242,0.081897
0.034094,0.755572,0.128234,0.0821
0.03372,0.755774,0.128205,0.082301
0.033368,0.755967,0.128155,0.08251
0.033034,0.756142,0.128089,0.082735
0.03271,0.756301,0.128019,0.082969
0.032385,0.756455,0.127955,0.083205
0.032048,0.756621,0.127897,0.083433
0.031696,0.756815,0.127843,0.083647
0.031329,0.75703,0.127801,0.08384
0.030954,0.757247,0.127788,0.084012
0.030579,0.757449,0.127806,0.084167
0.030219,0.757625,0.127845,0.084311
0.029894,0.757768,0.127894,0.084444
0.02961,0.757858,0.127971,0.084561
0.02935,0.757883,0.1281,0.084667
0.029092,0.757845,0.128291,0.084771
0.028844,0.757749,0.128527,0.08488
0.028626,0.757611,0.128769,0.084993
0.028443,0.757455,0.128997,0.085104
0.02828,0.757286,0.129228,0.085206
0.028115,0.757098,0.129493,0.085294
0.027936,0.756889,0.129802,0.085372
0.027758,0.756648,0.130148,0.085446
0.027593,0.756373,0.130512,0.085521
0.027447,0.756078,0.130876,0.085599
0.02731,0.755786,0.131229,0.085675
0.02717,0.755511,0.131573,0.085745
0.027016,0.755257,0.131918,0.085809
0.026842,0.755021,0.132267,0.08587
0.026651,0.754797,0.132618,0.085933
0.026447,0.754586,0.13297,0.085997
0.026234,0.754389,0.133321,0.086057
0.026019,0.754201,0.13367,0.086111
0.025816,0.754013,0.134014,0.086158
0.025636,0.753824,0.134345,0.086196
0.025487,0.75363,0.134658,0.086225
0.025375,0.753422,0.134955,0.086249
0.025298,0.753194,0.135237,0.086271
