0.316709 0.581952 0.070141 0.031199 
0.317160 0.581606 0.070122 0.031111 
0.317603 0.581270 0.070101 0.031025 
0.318037 0.580940 0.070079 0.030943 
0.318464 0.580605 0.070064 0.030867 
0.318881 0.580266 0.070057 0.030796 
0.319279 0.579937 0.070057 0.030727 
0.319656 0.579632 0.070055 0.030657 
0.320016 0.579353 0.070046 0.030585 
0.320364 0.579093 0.070028 0.030515 
0.320707 0.578836 0.070008 0.030449 
0.321052 0.578572 0.069993 0.030383 
0.321399 0.578295 0.069989 0.030317 
0.321745 0.578010 0.069996 0.030250 
0.322088 0.577724 0.070007 0.030181 
0.322433 0.577435 0.070022 0.030110 
0.322786 0.577134 0.070042 0.030038 
0.323151 0.576819 0.070067 0.029963 
0.323532 0.576488 0.070094 0.029886 
0.323934 0.576135 0.070123 0.029808 
0.324354 0.575763 0.070155 0.029728 
0.324780 0.575387 0.070187 0.029647 
0.325193 0.575025 0.070217 0.029566 
0.325579 0.574690 0.070247 0.029485 
0.325937 0.574380 0.070280 0.029403 
0.326280 0.574086 0.070316 0.029319 
0.326619 0.573797 0.070350 0.029234 
0.326965 0.573504 0.070384 0.029148 
0.327317 0.573203 0.070418 0.029062 
0.327670 0.572899 0.070456 0.028976 
0.328019 0.572595 0.070498 0.028888 
0.328371 0.572287 0.070542 0.028800 
0.328732 0.571972 0.070586 0.028710 
0.329103 0.571648 0.070630 0.028619 
0.329484 0.571311 0.070676 0.028529 
0.329868 0.570965 0.070725 0.028442 
0.330245 0.570620 0.070777 0.028358 
0.330610 0.570283 0.070830 0.028276 
0.330968 0.569953 0.070883 0.028196 
0.331332 0.569621 0.070932 0.028115 
0.331709 0.569280 0.070978 0.028032 
0.332099 0.568934 0.071020 0.027947 
0.332500 0.568583 0.071058 0.027860 
0.332912 0.568226 0.071092 0.027770 
0.333329 0.567868 0.071126 0.027678 
0.333749 0.567510 0.071158 0.027583 
0.334185 0.567142 0.071187 0.027486 
0.334650 0.566749 0.071212 0.027389 
0.335148 0.566327 0.071232 0.027293 
0.335655 0.565896 0.071248 0.027201 
0.336156 0.565468 0.071261 0.027114 
0.336663 0.565035 0.071272 0.027030 
0.337193 0.564581 0.071280 0.026947 
0.337753 0.564103 0.071282 0.026862 
0.338340 0.563602 0.071281 0.026777 
0.338943 0.563079 0.071281 0.026697 
0.339550 0.562538 0.071289 0.026623 
0.340151 0.561990 0.071306 0.026553 
0.340741 0.561446 0.071328 0.026485 
0.341320 0.560912 0.071351 0.026418 
0.341895 0.560380 0.071373 0.026352 
0.342477 0.559840 0.071397 0.026286 
0.343070 0.559289 0.071420 0.026220 
0.343666 0.558738 0.071439 0.026157 
0.344251 0.558205 0.071448 0.026095 
0.344817 0.557700 0.071449 0.026034 
0.345368 0.557216 0.071443 0.025972 
0.345915 0.556739 0.071437 0.025909 
0.346458 0.556263 0.071433 0.025846 
0.346993 0.555791 0.071431 0.025785 
0.347527 0.555318 0.071430 0.025725 
0.348072 0.554834 0.071428 0.025666 
0.348631 0.554341 0.071423 0.025605 
0.349195 0.553844 0.071417 0.025544 
0.349757 0.553351 0.071410 0.025482 
0.350309 0.552870 0.071400 0.025421 
0.350850 0.552398 0.071392 0.025359 
0.351386 0.551928 0.071389 0.025297 
0.351929 0.551445 0.071390 0.025237 
0.352489 0.550938 0.071392 0.025181 
0.353076 0.550402 0.071394 0.025128 
0.353687 0.549842 0.071394 0.025077 
0.354308 0.549269 0.071396 0.025027 
0.354919 0.548703 0.071399 0.024979 
0.355512 0.548150 0.071403 0.024935 
0.356102 0.547601 0.071405 0.024892 
0.356708 0.547037 0.071404 0.024851 
0.357337 0.546455 0.071400 0.024809 
0.357981 0.545864 0.071390 0.024765 
0.358626 0.545281 0.071374 0.024719 
0.359255 0.544721 0.071352 0.024671 
0.359869 0.544185 0.071325 0.024620 
0.360482 0.543658 0.071293 0.024567 
0.361108 0.543125 0.071254 0.024513 
0.361759 0.542573 0.071211 0.024458 
0.362436 0.541998 0.071165 0.024401 
0.363134 0.541407 0.071118 0.024341 
0.363837 0.540814 0.071070 0.024280 
0.364531 0.540232 0.071021 0.024216 
0.365213 0.539661 0.070975 0.024151 
0.365887 0.539094 0.070934 0.024085 
0.366550 0.538530 0.070901 0.024019 
0.367198 0.537974 0.070874 0.023954 
0.367827 0.537432 0.070852 0.023889 
0.368441 0.536900 0.070834 0.023826 
0.369045 0.536372 0.070821 0.023762 
0.369643 0.535842 0.070815 0.023700 
0.370245 0.535303 0.070813 0.023639 
0.370858 0.534751 0.070813 0.023578 
0.371482 0.534189 0.070813 0.023516 
0.372113 0.533621 0.070815 0.023451 
0.372747 0.533045 0.070824 0.023384 
0.373384 0.532459 0.070842 0.023315 
0.374026 0.531858 0.070871 0.023245 
0.374673 0.531245 0.070908 0.023174 
0.375325 0.530623 0.070948 0.023104 
0.375985 0.529993 0.070988 0.023034 
0.376652 0.529361 0.071025 0.022962 
0.377312 0.528742 0.071058 0.022888 
0.377946 0.528155 0.071086 0.022813 
0.378537 0.527616 0.071111 0.022736 
0.379084 0.527130 0.071130 0.022656 
0.379602 0.526677 0.071148 0.022574 
0.380109 0.526233 0.071168 0.022490 
0.380599 0.525801 0.071196 0.022404 
0.381061 0.525398 0.071228 0.022313 
0.381488 0.525042 0.071254 0.022216 
0.381877 0.524740 0.071269 0.022114 
0.382226 0.524491 0.071275 0.022008 
0.382536 0.524283 0.071280 0.021901 
0.382816 0.524104 0.071288 0.021792 
0.383086 0.523931 0.071300 0.021683 
0.383362 0.523749 0.071314 0.021575 
0.383651 0.523557 0.071326 0.021465 
0.383954 0.523352 0.071338 0.021357 
0.384273 0.523124 0.071353 0.021250 
0.384606 0.522874 0.071373 0.021147 
0.384945 0.522611 0.071398 0.021047 
0.385281 0.522344 0.071425 0.020950 
0.385610 0.522076 0.071458 0.020857 
0.385932 0.521799 0.071501 0.020768 
0.386251 0.521510 0.071557 0.020682 
0.386567 0.521219 0.071618 0.020597 
0.386875 0.520933 0.071679 0.020513 
0.387166 0.520660 0.071741 0.020432 
0.387436 0.520398 0.071811 0.020356 
0.387689 0.520137 0.071893 0.020281 
0.387934 0.519869 0.071990 0.020207 
0.388177 0.519591 0.072099 0.020133 
0.388417 0.519304 0.072219 0.020061 
0.388652 0.519014 0.072345 0.019989 
0.388885 0.518720 0.072478 0.019917 
0.389122 0.518420 0.072614 0.019844 
0.389369 0.518113 0.072749 0.019769 
0.389626 0.517796 0.072883 0.019695 
0.389887 0.517473 0.073016 0.019624 
0.390133 0.517159 0.073154 0.019554 
0.390349 0.516866 0.073301 0.019484 
0.390533 0.516591 0.073458 0.019418 
0.390693 0.516320 0.073625 0.019361 
0.390840 0.516045 0.073802 0.019313 
0.390977 0.515765 0.073985 0.019273 
0.391101 0.515493 0.074171 0.019235 
0.391212 0.515235 0.074355 0.019197 
0.391314 0.514987 0.074538 0.019161 
0.391411 0.514739 0.074719 0.019131 
0.391510 0.514483 0.074900 0.019107 
0.391617 0.514212 0.075082 0.019088 
0.391739 0.513925 0.075262 0.019074 
0.391882 0.513617 0.075437 0.019064 
0.392046 0.513292 0.075608 0.019055 
0.392220 0.512958 0.075775 0.019047 
0.392392 0.512630 0.075942 0.019037 
0.392559 0.512307 0.076110 0.019024 
0.392732 0.511981 0.076277 0.019009 
0.392922 0.511644 0.076442 0.018992 
0.393130 0.511293 0.076604 0.018974 
0.393351 0.510927 0.076768 0.018954 
0.393572 0.510556 0.076937 0.018935 
0.393778 0.510197 0.077110 0.018915 
0.393963 0.509856 0.077287 0.018894 
0.394128 0.509533 0.077466 0.018873 
0.394283 0.509222 0.077645 0.018851 
0.394428 0.508923 0.077822 0.018827 
0.394564 0.508640 0.077994 0.018802 
0.394695 0.508369 0.078161 0.018775 
0.394825 0.508103 0.078325 0.018748 
0.394949 0.507847 0.078485 0.018720 
0.395059 0.507609 0.078640 0.018692 
0.395149 0.507396 0.078790 0.018665 
0.395223 0.507206 0.078934 0.018637 
0.395288 0.507029 0.079072 0.018611 
0.395361 0.506850 0.079205 0.018585 
0.395453 0.506654 0.079334 0.018559 
0.395570 0.506431 0.079463 0.018535 
0.395706 0.506186 0.079594 0.018513 
0.395851 0.505930 0.079726 0.018492 
0.395996 0.505672 0.079860 0.018472 
0.396143 0.505411 0.079994 0.018452 
0.396298 0.505140 0.080127 0.018435 
0.396462 0.504865 0.080252 0.018421 
0.396626 0.504597 0.080369 0.018409 
0.396784 0.504348 0.080474 0.018394 
0.396929 0.504123 0.080570 0.018377 
0.397060 0.503924 0.080657 0.018359 
0.397184 0.503742 0.080734 0.018340 
0.397314 0.503565 0.080802 0.018319 
0.397464 0.503375 0.080864 0.018297 
0.397642 0.503163 0.080923 0.018273 
0.397838 0.502937 0.080979 0.018246 
0.398043 0.502707 0.081034 0.018217 
0.398252 0.502477 0.081085 0.018187 
0.398459 0.502252 0.081133 0.018155 
0.398659 0.502039 0.081180 0.018122 
0.398848 0.501836 0.081227 0.018089 
0.399031 0.501638 0.081274 0.018057 
0.399217 0.501436 0.081321 0.018026 
0.399413 0.501225 0.081366 0.017996 
0.399617 0.501009 0.081409 0.017965 
0.399824 0.500798 0.081445 0.017932 
0.400024 0.500607 0.081474 0.017895 
0.400205 0.500447 0.081495 0.017853 
0.400366 0.500317 0.081510 0.017807 
0.400526 0.500190 0.081528 0.017757 
0.400697 0.500042 0.081553 0.017707 
0.400852 0.499911 0.081578 0.017659 
0.400946 0.499851 0.081593 0.017610 
0.400971 0.499877 0.081595 0.017557 
0.400953 0.499957 0.081589 0.017501 
0.400933 0.500044 0.081583 0.017440 
0.400934 0.500107 0.081582 0.017377 
0.400959 0.500141 0.081588 0.017312 
0.400989 0.500167 0.081598 0.017246 
0.401007 0.500210 0.081606 0.017177 
0.401004 0.500281 0.081608 0.017107 
0.400984 0.500374 0.081606 0.017036 
0.400955 0.500478 0.081603 0.016964 
0.400921 0.500585 0.081601 0.016893 
0.400881 0.500696 0.081600 0.016823 
0.400842 0.500801 0.081600 0.016756 
0.400809 0.500896 0.081598 0.016696 
0.400780 0.500980 0.081594 0.016645 
0.400752 0.501057 0.081589 0.016602 
0.400720 0.501132 0.081584 0.016564 
0.400675 0.501219 0.081579 0.016528 
0.400604 0.501333 0.081572 0.016491 
0.400496 0.501486 0.081564 0.016454 
0.400349 0.501678 0.081554 0.016420 
0.400177 0.501891 0.081545 0.016387 
0.400004 0.502099 0.081540 0.016357 
0.399843 0.502291 0.081537 0.016328 
0.399688 0.502480 0.081533 0.016299 
0.399525 0.502683 0.081524 0.016268 
0.399346 0.502907 0.081512 0.016235 
0.399146 0.503153 0.081501 0.016200 
0.398925 0.503420 0.081491 0.016164 
0.398693 0.503697 0.081481 0.016129 
0.398469 0.503970 0.081467 0.016093 
0.398266 0.504229 0.081449 0.016056 
0.398085 0.504472 0.081425 0.016018 
0.397928 0.504698 0.081394 0.015980 
0.397801 0.504899 0.081359 0.015941 
0.397708 0.505068 0.081323 0.015901 
0.397643 0.505207 0.081289 0.015860 
0.397583 0.505344 0.081255 0.015818 
0.397503 0.505506 0.081217 0.015773 
0.397391 0.505707 0.081173 0.015728 
0.397247 0.505943 0.081126 0.015684 
0.397081 0.506197 0.081078 0.015643 
0.396912 0.506450 0.081030 0.015609 
0.396745 0.506696 0.080980 0.015579 
0.396570 0.506948 0.080931 0.015551 
0.396381 0.507210 0.080886 0.015524 
0.396188 0.507466 0.080844 0.015503 
0.395998 0.507709 0.080801 0.015492 
0.395811 0.507942 0.080756 0.015491 
0.395624 0.508170 0.080710 0.015495 
0.395435 0.508402 0.080662 0.015501 
0.395249 0.508637 0.080608 0.015506 
0.395079 0.508860 0.080551 0.015510 
0.394939 0.509059 0.080489 0.015513 
0.394830 0.509232 0.080425 0.015514 
0.394735 0.509394 0.080358 0.015513 
0.394637 0.509564 0.080289 0.015510 
0.394539 0.509739 0.080219 0.015503 
0.394463 0.509899 0.080145 0.015493 
0.394429 0.510025 0.080066 0.015479 
0.394443 0.510110 0.079984 0.015464 
0.394488 0.510170 0.079897 0.015446 
0.394537 0.510233 0.079805 0.015425 
0.394575 0.510313 0.079711 0.015402 
0.394603 0.510403 0.079617 0.015378 
0.394632 0.510490 0.079526 0.015352 
0.394660 0.510579 0.079437 0.015324 
0.394683 0.510675 0.079350 0.015293 
0.394710 0.510765 0.079265 0.015260 
0.394753 0.510836 0.079184 0.015226 
0.394806 0.510898 0.079105 0.015191 
0.394861 0.510962 0.079023 0.015155 
0.394916 0.511028 0.078937 0.015119 
0.394973 0.511091 0.078853 0.015084 
0.395022 0.511151 0.078777 0.015050 
0.395053 0.511218 0.078712 0.015017 
0.395068 0.511294 0.078656 0.014983 
0.395078 0.511369 0.078605 0.014948 
0.395099 0.511431 0.078554 0.014915 
0.395139 0.511473 0.078502 0.014885 
0.395190 0.511506 0.078447 0.014857 
0.395231 0.511549 0.078392 0.014828 
0.395245 0.511617 0.078340 0.014798 
0.395232 0.511709 0.078291 0.014768 
0.395199 0.511819 0.078245 0.014737 
0.395164 0.511932 0.078199 0.014705 
0.395139 0.512037 0.078153 0.014670 
0.395128 0.512131 0.078107 0.014634 
0.395125 0.512217 0.078059 0.014599 
0.395130 0.512296 0.078010 0.014563 
0.395148 0.512369 0.077957 0.014527 
0.395180 0.512433 0.077898 0.014489 
0.395232 0.512483 0.077835 0.014449 
0.395306 0.512516 0.077770 0.014408 
0.395386 0.512545 0.077704 0.014366 
0.395455 0.512586 0.077637 0.014322 
0.395513 0.512643 0.077566 0.014278 
0.395568 0.512707 0.077491 0.014233 
0.395630 0.512769 0.077413 0.014188 
0.395701 0.512824 0.077332 0.014142 
0.395787 0.512866 0.077252 0.014095 
0.395887 0.512896 0.077170 0.014047 
0.395986 0.512925 0.077089 0.014000 
0.396069 0.512969 0.077009 0.013953 
0.396136 0.513027 0.076933 0.013904 
0.396202 0.513087 0.076858 0.013853 
0.396271 0.513147 0.076782 0.013800 
0.396330 0.513221 0.076704 0.013744 
0.396363 0.513325 0.076627 0.013686 
0.396362 0.513461 0.076552 0.013624 
0.396331 0.513624 0.076483 0.013562 
0.396284 0.513799 0.076417 0.013500 
0.396234 0.513973 0.076354 0.013439 
0.396185 0.514148 0.076287 0.013381 
0.396137 0.514325 0.076214 0.013324 
0.396095 0.514500 0.076138 0.013267 
0.396061 0.514668 0.076061 0.013210 
0.396039 0.514824 0.075983 0.013154 
0.396037 0.514960 0.075904 0.013098 
0.396062 0.515073 0.075823 0.013042 
0.396104 0.515166 0.075743 0.012987 
0.396148 0.515253 0.075665 0.012934 
0.396167 0.515357 0.075591 0.012885 
0.396150 0.515488 0.075524 0.012838 
0.396107 0.515639 0.075462 0.012793 
0.396041 0.515810 0.075402 0.012748 
0.395932 0.516026 0.075339 0.012703 
0.395764 0.516304 0.075275 0.012657 
0.395543 0.516635 0.075210 0.012612 
0.395294 0.516996 0.075145 0.012565 
0.395038 0.517359 0.075084 0.012520 
0.394787 0.517711 0.075027 0.012475 
0.394546 0.518047 0.074976 0.012431 
0.394322 0.518363 0.074927 0.012388 
0.394119 0.518654 0.074881 0.012346 
0.393935 0.518923 0.074835 0.012308 
0.393753 0.519190 0.074787 0.012270 
0.393553 0.519479 0.074735 0.012233 
0.393334 0.519793 0.074680 0.012194 
0.393110 0.520112 0.074623 0.012155 
0.392897 0.520416 0.074568 0.012119 
0.392702 0.520696 0.074515 0.012087 
0.392518 0.520958 0.074462 0.012062 
0.392333 0.521220 0.074406 0.012041 
0.392136 0.521493 0.074346 0.012024 
0.391927 0.521778 0.074286 0.012009 
0.391717 0.522062 0.074228 0.011993 
0.391512 0.522336 0.074175 0.011977 
0.391305 0.522609 0.074124 0.011962 
0.391080 0.522901 0.074072 0.011946 
0.390825 0.523231 0.074014 0.011930 
0.390542 0.523594 0.073949 0.011914 
0.390243 0.523974 0.073881 0.011902 
0.389942 0.524356 0.073812 0.011891 
0.389634 0.524745 0.073741 0.011879 
0.389306 0.525160 0.073665 0.011869 
0.388940 0.525618 0.073581 0.011860 
0.388536 0.526122 0.073490 0.011853 
0.388101 0.526659 0.073393 0.011847 
0.387651 0.527215 0.073292 0.011842 
0.387198 0.527775 0.073189 0.011838 
0.386753 0.528331 0.073084 0.011832 
0.386320 0.528876 0.072979 0.011825 
0.385898 0.529410 0.072875 0.011817 
0.385487 0.529931 0.072772 0.011809 
0.385090 0.530438 0.072671 0.011802 
0.384708 0.530928 0.072568 0.011795 
0.384343 0.531402 0.072464 0.011790 
0.383992 0.531863 0.072359 0.011786 
0.383650 0.532314 0.072253 0.011783 
0.383316 0.532759 0.072146 0.011780 
0.382988 0.533198 0.072038 0.011776 
0.382669 0.533630 0.071930 0.011772 
0.382357 0.534054 0.071823 0.011766 
0.382053 0.534470 0.071717 0.011760 
0.381776 0.534862 0.071610 0.011752 
0.381553 0.535203 0.071500 0.011745 
0.381398 0.535480 0.071384 0.011738 
0.381309 0.535695 0.071264 0.011733 
0.381267 0.535865 0.071140 0.011728 
0.381245 0.536019 0.071014 0.011722 
0.381220 0.536179 0.070885 0.011716 
0.381185 0.536352 0.070755 0.011708 
0.381150 0.536526 0.070623 0.011701 
0.381130 0.536685 0.070491 0.011694 
0.381123 0.536831 0.070356 0.011689 
0.381119 0.536976 0.070221 0.011684 
0.381113 0.537123 0.070085 0.011679 
0.381113 0.537260 0.069951 0.011676 
0.381126 0.537381 0.069819 0.011674 
0.381145 0.537495 0.069688 0.011672 
0.381163 0.537611 0.069557 0.011670 
0.381175 0.537732 0.069428 0.011665 
0.381189 0.537851 0.069300 0.011660 
0.381214 0.537957 0.069175 0.011655 
0.381254 0.538043 0.069051 0.011652 
0.381310 0.538111 0.068927 0.011652 
0.381378 0.538167 0.068802 0.011653 
0.381458 0.538212 0.068676 0.011655 
0.381550 0.538244 0.068550 0.011656 
0.381644 0.538274 0.068427 0.011655 
0.381726 0.538317 0.068304 0.011653 
0.381786 0.538381 0.068182 0.011650 
0.381828 0.538463 0.068061 0.011648 
0.381861 0.538553 0.067938 0.011648 
0.381891 0.538645 0.067814 0.011650 
0.381920 0.538742 0.067688 0.011650 
0.381945 0.538847 0.067559 0.011649 
0.381963 0.538960 0.067430 0.011647 
0.381967 0.539089 0.067300 0.011645 
0.381943 0.539248 0.067168 0.011640 
0.381889 0.539441 0.067037 0.011634 
0.381809 0.539657 0.066907 0.011627 
0.381716 0.539883 0.066782 0.011619 
0.381623 0.540103 0.066662 0.011612 
0.381537 0.540313 0.066546 0.011604 
0.381453 0.540522 0.066431 0.011595 
0.381365 0.540730 0.066320 0.011585 
0.381280 0.540931 0.066215 0.011574 
0.381206 0.541114 0.066116 0.011564 
0.381144 0.541281 0.066021 0.011553 
0.381096 0.541434 0.065929 0.011541 
0.381064 0.541570 0.065837 0.011529 
0.381055 0.541685 0.065743 0.011517 
0.381063 0.541783 0.065649 0.011506 
0.381077 0.541876 0.065553 0.011494 
0.381088 0.541974 0.065456 0.011482 
0.381103 0.542067 0.065359 0.011471 
0.381127 0.542148 0.065262 0.011462 
0.381154 0.542223 0.065166 0.011457 
0.381176 0.542302 0.065069 0.011453 
0.381190 0.542392 0.064970 0.011449 
0.381192 0.542495 0.064868 0.011444 
0.381183 0.542609 0.064767 0.011441 
0.381165 0.542726 0.064666 0.011443 
0.381146 0.542839 0.064566 0.011450 
0.381126 0.542943 0.064468 0.011463 
0.381110 0.543039 0.064372 0.011479 
0.381100 0.543127 0.064277 0.011496 
0.381094 0.543210 0.064184 0.011512 
0.381089 0.543292 0.064092 0.011528 
0.381083 0.543374 0.064001 0.011543 
0.381075 0.543459 0.063909 0.011557 
0.381063 0.543550 0.063816 0.011571 
0.381043 0.543648 0.063724 0.011585 
0.381017 0.543750 0.063634 0.011599 
0.380987 0.543853 0.063546 0.011614 
0.380949 0.543965 0.063458 0.011627 
0.380891 0.544099 0.063370 0.011640 
0.380805 0.544264 0.063280 0.011651 
0.380694 0.544457 0.063186 0.011663 
0.380566 0.544668 0.063091 0.011674 
0.380432 0.544885 0.062999 0.011684 
0.380305 0.545093 0.062909 0.011693 
0.380192 0.545287 0.062820 0.011702 
0.380095 0.545463 0.062731 0.011710 
0.380012 0.545627 0.062644 0.011718 
0.379936 0.545781 0.062558 0.011724 
0.379873 0.545926 0.062472 0.011728 
0.379828 0.546056 0.062384 0.011731 
0.379802 0.546170 0.062295 0.011733 
0.379788 0.546274 0.062203 0.011735 
0.379778 0.546376 0.062109 0.011737 
0.379770 0.546475 0.062017 0.011738 
0.379771 0.546557 0.061931 0.011741 
0.379793 0.546609 0.061853 0.011746 
0.379838 0.546629 0.061781 0.011752 
0.379905 0.546622 0.061715 0.011759 
0.379989 0.546597 0.061650 0.011765 
0.380081 0.546565 0.061582 0.011771 
0.380172 0.546537 0.061514 0.011777 
0.380255 0.546515 0.061448 0.011782 
0.380340 0.546489 0.061385 0.011786 
0.380435 0.546451 0.061324 0.011790 
0.380537 0.546404 0.061265 0.011795 
0.380643 0.546350 0.061204 0.011802 
0.380760 0.546286 0.061142 0.011812 
0.380892 0.546206 0.061078 0.011824 
0.381042 0.546107 0.061012 0.011839 
0.381203 0.545998 0.060946 0.011854 
0.381367 0.545886 0.060879 0.011868 
0.381538 0.545769 0.060811 0.011882 
0.381724 0.545637 0.060743 0.011896 
0.381925 0.545491 0.060675 0.011908 
0.382130 0.545339 0.060610 0.011921 
0.382322 0.545197 0.060547 0.011935 
0.382484 0.545082 0.060484 0.011950 
0.382611 0.545006 0.060419 0.011964 
0.382704 0.544966 0.060352 0.011978 
0.382778 0.544945 0.060282 0.011994 
0.382848 0.544926 0.060214 0.012013 
0.382909 0.544910 0.060146 0.012034 
0.382953 0.544910 0.060080 0.012057 
0.382979 0.544926 0.060013 0.012082 
0.382984 0.544961 0.059946 0.012108 
0.382978 0.545009 0.059877 0.012136 
0.382978 0.545052 0.059805 0.012164 
0.383001 0.545076 0.059732 0.012191 
0.383047 0.545078 0.059657 0.012218 
0.383109 0.545063 0.059582 0.012246 
0.383177 0.545041 0.059506 0.012275 
0.383242 0.545023 0.059430 0.012305 
0.383295 0.545019 0.059352 0.012334 
0.383326 0.545040 0.059273 0.012362 
0.383337 0.545082 0.059195 0.012387 
0.383342 0.545131 0.059116 0.012410 
0.383359 0.545170 0.059037 0.012433 
0.383397 0.545190 0.058958 0.012455 
0.383456 0.545190 0.058877 0.012476 
0.383530 0.545175 0.058798 0.012497 
0.383611 0.545151 0.058722 0.012516 
0.383689 0.545128 0.058648 0.012535 
0.383762 0.545109 0.058577 0.012552 
0.383830 0.545095 0.058508 0.012567 
0.383896 0.545080 0.058442 0.012582 
0.383961 0.545061 0.058383 0.012595 
0.384021 0.545043 0.058330 0.012607 
0.384073 0.545032 0.058278 0.012617 
0.384124 0.545024 0.058227 0.012626 
0.384184 0.545007 0.058175 0.012633 
0.384262 0.544972 0.058126 0.012641 
0.384350 0.544923 0.058080 0.012647 
0.384436 0.544873 0.058039 0.012652 
0.384512 0.544833 0.058000 0.012655 
0.384580 0.544803 0.057960 0.012657 
0.384649 0.544775 0.057918 0.012658 
0.384721 0.544752 0.057871 0.012656 
0.384791 0.544738 0.057819 0.012652 
0.384857 0.544737 0.057760 0.012646 
0.384927 0.544736 0.057698 0.012638 
0.385004 0.544732 0.057635 0.012629 
0.385072 0.544739 0.057570 0.012620 
0.385119 0.544769 0.057501 0.012610 
0.385148 0.544819 0.057430 0.012603 
0.385171 0.544876 0.057355 0.012598 
0.385190 0.544933 0.057282 0.012595 
0.385208 0.544987 0.057211 0.012593 
0.385225 0.545040 0.057143 0.012592 
0.385240 0.545093 0.057075 0.012591 
0.385247 0.545154 0.057006 0.012593 
0.385239 0.545226 0.056938 0.012597 
0.385216 0.545310 0.056872 0.012603 
0.385186 0.545396 0.056810 0.012609 
0.385161 0.545474 0.056751 0.012614 
0.385144 0.545544 0.056692 0.012619 
0.385122 0.545622 0.056634 0.012622 
0.385076 0.545725 0.056577 0.012623 
0.384999 0.545858 0.056521 0.012622 
0.384898 0.546019 0.056462 0.012621 
0.384787 0.546191 0.056401 0.012620 
0.384681 0.546361 0.056339 0.012619 
0.384580 0.546525 0.056277 0.012618 
0.384474 0.546695 0.056214 0.012617 
0.384358 0.546878 0.056150 0.012614 
0.384233 0.547072 0.056084 0.012611 
0.384109 0.547265 0.056018 0.012608 
0.383988 0.547455 0.055951 0.012606 
0.383865 0.547648 0.055883 0.012603 
0.383723 0.547864 0.055814 0.012599 
0.383546 0.548114 0.055746 0.012595 
0.383337 0.548394 0.055681 0.012589 
0.383111 0.548688 0.055619 0.012583 
0.382872 0.548994 0.055558 0.012576 
0.382608 0.549328 0.055496 0.012569 
0.382305 0.549701 0.055432 0.012562 
0.381963 0.550113 0.055368 0.012556 
0.381589 0.550556 0.055304 0.012551 
0.381201 0.551014 0.055239 0.012547 
0.380815 0.551471 0.055173 0.012542 
0.380430 0.551928 0.055107 0.012535 
0.380041 0.552389 0.055042 0.012529 
0.379649 0.552851 0.054979 0.012521 
0.379261 0.553308 0.054917 0.012515 
0.378878 0.553758 0.054857 0.012508 
0.378496 0.554207 0.054797 0.012500 
0.378116 0.554656 0.054737 0.012491 
0.377740 0.555099 0.054679 0.012481 
0.377374 0.555531 0.054623 0.012472 
0.377020 0.555950 0.054567 0.012463 
0.376678 0.556354 0.054514 0.012453 
0.376347 0.556747 0.054464 0.012443 
0.376022 0.557131 0.054416 0.012431 
0.375700 0.557510 0.054370 0.012420 
0.375383 0.557884 0.054325 0.012408 
0.375068 0.558253 0.054282 0.012396 
0.374752 0.558623 0.054243 0.012383 
0.374424 0.559003 0.054205 0.012368 
0.374081 0.559400 0.054167 0.012352 
0.373725 0.559813 0.054127 0.012335 
0.373360 0.560234 0.054087 0.012319 
0.372995 0.560655 0.054047 0.012303 
0.372632 0.561073 0.054008 0.012287 
0.372268 0.561492 0.053968 0.012272 
0.371904 0.561911 0.053928 0.012257 
0.371543 0.562326 0.053887 0.012243 
0.371187 0.562737 0.053846 0.012229 
0.370831 0.563149 0.053805 0.012216 
0.370472 0.563564 0.053763 0.012201 
0.370112 0.563980 0.053722 0.012186 
0.369753 0.564394 0.053683 0.012169 
0.369395 0.564808 0.053646 0.012152 
0.369041 0.565216 0.053610 0.012133 
0.368692 0.565618 0.053575 0.012115 
0.368345 0.566021 0.053536 0.012098 
0.367998 0.566427 0.053494 0.012081 
0.367651 0.566834 0.053450 0.012065 
0.367308 0.567235 0.053407 0.012050 
0.366971 0.567625 0.053367 0.012037 
0.366638 0.568006 0.053331 0.012025 
0.366305 0.568383 0.053297 0.012015 
0.365974 0.568759 0.053263 0.012005 
0.365648 0.569128 0.053230 0.011995 
0.365332 0.569486 0.053197 0.011984 
0.365028 0.569836 0.053164 0.011972 
0.364734 0.570178 0.053130 0.011959 
0.364449 0.570510 0.053096 0.011945 
0.364175 0.570829 0.053064 0.011932 
0.363914 0.571133 0.053034 0.011920 
0.363664 0.571425 0.053004 0.011907 
0.363413 0.571715 0.052976 0.011895 
0.363160 0.572005 0.052953 0.011882 
0.362910 0.572289 0.052934 0.011868 
0.362672 0.572560 0.052915 0.011853 
0.362449 0.572817 0.052896 0.011838 
0.362240 0.573058 0.052878 0.011823 
0.362039 0.573287 0.052865 0.011809 
0.361840 0.573506 0.052859 0.011795 
0.361643 0.573717 0.052859 0.011781 
0.361445 0.573925 0.052864 0.011766 
0.361246 0.574131 0.052872 0.011751 
0.361051 0.574331 0.052882 0.011736 
0.360865 0.574521 0.052892 0.011722 
0.360686 0.574702 0.052902 0.011709 
0.360511 0.574878 0.052914 0.011698 
0.360336 0.575048 0.052929 0.011687 
0.360165 0.575210 0.052950 0.011675 
0.360001 0.575363 0.052973 0.011663 
0.359847 0.575505 0.052998 0.011650 
0.359703 0.575638 0.053022 0.011636 
0.359568 0.575764 0.053045 0.011622 
0.359441 0.575884 0.053067 0.011608 
0.359320 0.575997 0.053090 0.011592 
0.359204 0.576104 0.053116 0.011576 
0.359089 0.576208 0.053143 0.011560 
0.358975 0.576312 0.053169 0.011544 
0.358870 0.576408 0.053193 0.011529 
0.358778 0.576491 0.053215 0.011515 
0.358700 0.576558 0.053238 0.011504 
0.358629 0.576617 0.053259 0.011495 
0.358557 0.576675 0.053279 0.011490 
0.358487 0.576728 0.053297 0.011488 
0.358428 0.576771 0.053313 0.011488 
0.358381 0.576803 0.053327 0.011489 
0.358341 0.576826 0.053338 0.011494 
0.358303 0.576844 0.053349 0.011504 
0.358265 0.576857 0.053359 0.011519 
0.358226 0.576868 0.053368 0.011538 
0.358189 0.576876 0.053376 0.011559 
0.358153 0.576881 0.053383 0.011582 
0.358118 0.576887 0.053389 0.011605 
0.358081 0.576897 0.053394 0.011628 
0.358041 0.576911 0.053398 0.011649 
0.357999 0.576930 0.053402 0.011670 
0.357947 0.576957 0.053407 0.011689 
0.357886 0.576992 0.053415 0.011707 
0.357818 0.577029 0.053429 0.011724 
0.357745 0.577068 0.053447 0.011740 
0.357666 0.577114 0.053465 0.011755 
0.357581 0.577168 0.053482 0.011769 
0.357491 0.577231 0.053495 0.011782 
0.357399 0.577298 0.053508 0.011796 
0.357306 0.577366 0.053520 0.011808 
0.357212 0.577437 0.053531 0.011820 
0.357122 0.577507 0.053540 0.011831 
0.357043 0.577571 0.053545 0.011841 
0.356982 0.577619 0.053548 0.011850 
0.356941 0.577649 0.053551 0.011859 
0.356913 0.577665 0.053554 0.011868 
0.356891 0.577675 0.053558 0.011875 
0.356871 0.577684 0.053563 0.011882 
0.356860 0.577684 0.053567 0.011889 
0.356864 0.577670 0.053569 0.011897 
0.356872 0.577657 0.053567 0.011904 
0.356868 0.577661 0.053560 0.011910 
0.356848 0.577686 0.053550 0.011915 
0.356823 0.577720 0.053538 0.011919 
0.356795 0.577757 0.053526 0.011922 
0.356751 0.577815 0.053511 0.011923 
0.356675 0.577910 0.053491 0.011923 
0.356570 0.578040 0.053467 0.011923 
0.356449 0.578188 0.053442 0.011921 
0.356323 0.578342 0.053415 0.011920 
0.356196 0.578497 0.053388 0.011919 
0.356064 0.578658 0.053360 0.011918 
0.355923 0.578828 0.053330 0.011919 
0.355769 0.579014 0.053297 0.011920 
0.355604 0.579213 0.053262 0.011921 
0.355434 0.579415 0.053227 0.011923 
0.355265 0.579616 0.053193 0.011927 
0.355099 0.579811 0.053159 0.011932 
0.354941 0.579997 0.053124 0.011937 
0.354796 0.580173 0.053089 0.011943 
0.354661 0.580336 0.053054 0.011948 
0.354535 0.580490 0.053021 0.011953 
0.354416 0.580635 0.052990 0.011959 
0.354302 0.580775 0.052959 0.011964 
0.354190 0.580915 0.052927 0.011968 
0.354075 0.581059 0.052895 0.011971 
0.353956 0.581210 0.052860 0.011973 
0.353844 0.581357 0.052824 0.011975 
0.353746 0.581493 0.052786 0.011975 
0.353661 0.581619 0.052746 0.011974 
0.353582 0.581742 0.052704 0.011972 
0.353500 0.581870 0.052659 0.011971 
0.353414 0.582003 0.052612 0.011971 
0.353325 0.582139 0.052564 0.011971 
0.353235 0.582279 0.052515 0.011971 
0.353137 0.582429 0.052464 0.011970 
0.353029 0.582589 0.052411 0.011970 
0.352914 0.582755 0.052358 0.011973 
0.352786 0.582927 0.052306 0.011980 
0.352637 0.583116 0.052256 0.011991 
0.352462 0.583329 0.052207 0.012003 
0.352267 0.583563 0.052155 0.012015 
0.352060 0.583813 0.052102 0.012026 
0.351851 0.584066 0.052047 0.012036 
0.351647 0.584312 0.051994 0.012046 
0.351456 0.584545 0.051943 0.012056 
0.351282 0.584761 0.051893 0.012064 
0.351121 0.584965 0.051842 0.012072 
0.350963 0.585168 0.051789 0.012079 
0.350794 0.585386 0.051735 0.012085 
0.350604 0.585629 0.051677 0.012090 
0.350398 0.585892 0.051617 0.012093 
0.350189 0.586161 0.051554 0.012096 
0.349989 0.586422 0.051491 0.012098 
0.349800 0.586673 0.051427 0.012100 
0.349613 0.586922 0.051362 0.012102 
0.349422 0.587177 0.051298 0.012103 
0.349219 0.587445 0.051233 0.012104 
0.348996 0.587733 0.051168 0.012104 
0.348754 0.588040 0.051103 0.012103 
0.348500 0.588358 0.051040 0.012102 
0.348242 0.588679 0.050980 0.012100 
0.347980 0.589002 0.050920 0.012097 
0.347714 0.589332 0.050860 0.012094 
0.347444 0.589665 0.050800 0.012091 
0.347179 0.589995 0.050739 0.012087 
0.346920 0.590316 0.050679 0.012085 
0.346666 0.590630 0.050619 0.012085 
0.346415 0.590937 0.050560 0.012088 
0.346167 0.591239 0.050500 0.012094 
0.345920 0.591536 0.050440 0.012104 
0.345677 0.591829 0.050378 0.012116 
0.345445 0.592112 0.050315 0.012128 
0.345236 0.592373 0.050251 0.012140 
0.345054 0.592608 0.050187 0.012150 
0.344899 0.592817 0.050123 0.012161 
0.344757 0.593012 0.050059 0.012172 
0.344617 0.593207 0.049993 0.012184 
0.344482 0.593398 0.049926 0.012194 
0.344365 0.593573 0.049857 0.012204 
0.344266 0.593730 0.049790 0.012213 
0.344179 0.593875 0.049725 0.012221 
0.344094 0.594020 0.049659 0.012227 
0.344001 0.594176 0.049592 0.012231 
0.343894 0.594349 0.049521 0.012235 
0.343771 0.594541 0.049449 0.012239 
0.343635 0.594743 0.049378 0.012245 
0.343494 0.594946 0.049309 0.012251 
0.343349 0.595150 0.049242 0.012258 
0.343197 0.595362 0.049176 0.012265 
0.343035 0.595585 0.049109 0.012271 
0.342864 0.595819 0.049042 0.012275 
0.342686 0.596058 0.048976 0.012279 
0.342504 0.596301 0.048912 0.012283 
0.342319 0.596545 0.048849 0.012287 
0.342131 0.596788 0.048788 0.012293 
0.341944 0.597027 0.048729 0.012300 
0.341757 0.597264 0.048670 0.012310 
0.341565 0.597502 0.048612 0.012321 
0.341368 0.597742 0.048556 0.012333 
0.341169 0.597985 0.048499 0.012347 
0.340971 0.598223 0.048442 0.012364 
0.340774 0.598455 0.048385 0.012385 
0.340578 0.598681 0.048329 0.012412 
0.340384 0.598899 0.048275 0.012442 
0.340194 0.599109 0.048221 0.012476 
0.340009 0.599310 0.048168 0.012512 
0.339827 0.599508 0.048116 0.012549 
0.339646 0.599705 0.048065 0.012585 
0.339464 0.599904 0.048013 0.012620 
0.339280 0.600105 0.047961 0.012654 
0.339093 0.600308 0.047911 0.012689 
0.338905 0.600507 0.047864 0.012724 
0.338720 0.600701 0.047820 0.012759 
0.338537 0.600889 0.047780 0.012793 
0.338359 0.601073 0.047742 0.012827 
0.338185 0.601252 0.047704 0.012860 
0.338017 0.601423 0.047668 0.012893 
0.337860 0.601578 0.047634 0.012928 
0.337720 0.601713 0.047603 0.012963 
0.337603 0.601823 0.047573 0.013001 
0.337510 0.601906 0.047543 0.013041 
0.337433 0.601972 0.047513 0.013082 
0.337365 0.602029 0.047482 0.013124 
0.337309 0.602075 0.047451 0.013166 
0.337276 0.602099 0.047419 0.013206 
0.337269 0.602100 0.047386 0.013245 
0.337283 0.602082 0.047353 0.013282 
0.337312 0.602051 0.047320 0.013317 
0.337351 0.602010 0.047288 0.013351 
0.337395 0.601965 0.047256 0.013384 
0.337441 0.601919 0.047223 0.013417 
0.337485 0.601874 0.047190 0.013451 
0.337531 0.601826 0.047157 0.013486 
0.337580 0.601772 0.047124 0.013524 
0.337631 0.601714 0.047093 0.013562 
0.337682 0.601658 0.047060 0.013600 
0.337729 0.601611 0.047025 0.013636 
0.337772 0.601570 0.046987 0.013671 
0.337812 0.601533 0.046950 0.013705 
0.337848 0.601500 0.046913 0.013739 
0.337876 0.601476 0.046875 0.013772 
0.337896 0.601466 0.046835 0.013803 
0.337913 0.601462 0.046793 0.013833 
0.337930 0.601459 0.046749 0.013862 
0.337949 0.601456 0.046705 0.013890 
0.337969 0.601450 0.046664 0.013917 
0.337993 0.601438 0.046625 0.013944 
0.338021 0.601419 0.046589 0.013971 
0.338054 0.601394 0.046554 0.013999 
0.338088 0.601366 0.046519 0.014027 
0.338124 0.601337 0.046485 0.014054 
0.338163 0.601303 0.046454 0.014080 
0.338200 0.601271 0.046425 0.014105 
0.338230 0.601243 0.046398 0.014128 
0.338262 0.601215 0.046372 0.014151 
0.338309 0.601172 0.046347 0.014172 
0.338385 0.601101 0.046322 0.014192 
0.338490 0.601001 0.046298 0.014211 
0.338614 0.600884 0.046273 0.014229 
0.338742 0.600765 0.046247 0.014246 
0.338874 0.600641 0.046222 0.014263 
0.339022 0.600495 0.046200 0.014282 
0.339194 0.600324 0.046182 0.014301 
0.339380 0.600137 0.046165 0.014318 
0.339574 0.599946 0.046147 0.014334 
0.339769 0.599759 0.046125 0.014347 
0.339961 0.599582 0.046099 0.014359 
0.340144 0.599415 0.046071 0.014370 
0.340321 0.599256 0.046041 0.014381 
0.340497 0.599098 0.046011 0.014394 
0.340674 0.598934 0.045982 0.014410 
0.340858 0.598760 0.045954 0.014428 
0.341051 0.598575 0.045927 0.014448 
0.341250 0.598382 0.045902 0.014466 
0.341448 0.598190 0.045877 0.014485 
0.341638 0.598007 0.045853 0.014502 
0.341818 0.597834 0.045828 0.014520 
0.341994 0.597665 0.045803 0.014538 
0.342173 0.597493 0.045779 0.014556 
0.342357 0.597316 0.045754 0.014573 
0.342541 0.597140 0.045728 0.014592 
0.342715 0.596974 0.045701 0.014610 
0.342877 0.596821 0.045674 0.014628 
0.343029 0.596678 0.045647 0.014646 
0.343176 0.596538 0.045622 0.014665 
0.343321 0.596396 0.045598 0.014685 
0.343465 0.596255 0.045574 0.014705 
0.343607 0.596115 0.045553 0.014725 
0.343748 0.595976 0.045533 0.014743 
0.343882 0.595843 0.045513 0.014762 
0.344000 0.595730 0.045493 0.014778 
0.344089 0.595648 0.045470 0.014792 
0.344154 0.595596 0.045446 0.014804 
0.344204 0.595562 0.045421 0.014813 
0.344239 0.595544 0.045396 0.014822 
0.344244 0.595556 0.045372 0.014828 
0.344210 0.595608 0.045349 0.014833 
0.344143 0.595695 0.045325 0.014837 
0.344058 0.595802 0.045300 0.014840 
0.343968 0.595915 0.045274 0.014844 
0.343877 0.596028 0.045249 0.014847 
0.343785 0.596141 0.045224 0.014849 
0.343695 0.596252 0.045201 0.014851 
0.343609 0.596360 0.045178 0.014853 
0.343522 0.596468 0.045156 0.014854 
0.343431 0.596581 0.045134 0.014854 
0.343333 0.596699 0.045113 0.014855 
0.343232 0.596818 0.045092 0.014858 
0.343129 0.596937 0.045070 0.014865 
0.343023 0.597054 0.045049 0.014874 
0.342922 0.597165 0.045027 0.014886 
0.342833 0.597263 0.045005 0.014899 
0.342758 0.597344 0.044984 0.014915 
0.342692 0.597411 0.044963 0.014934 
0.342624 0.597476 0.044945 0.014955 
0.342546 0.597551 0.044927 0.014976 
0.342460 0.597635 0.044909 0.014996 
0.342376 0.597717 0.044890 0.015016 
0.342304 0.597788 0.044872 0.015036 
0.342241 0.597852 0.044851 0.015056 
0.342173 0.597923 0.044829 0.015075 
0.342094 0.598007 0.044807 0.015093 
0.342011 0.598095 0.044783 0.015111 
0.341934 0.598180 0.044758 0.015128 
0.341864 0.598259 0.044733 0.015144 
0.341797 0.598335 0.044707 0.015160 
0.341729 0.598412 0.044682 0.015177 
0.341659 0.598492 0.044656 0.015194 
0.341587 0.598573 0.044629 0.015212 
0.341516 0.598651 0.044603 0.015231 
0.341451 0.598721 0.044577 0.015251 
0.341390 0.598784 0.044552 0.015274 
0.341327 0.598849 0.044526 0.015297 
0.341255 0.598924 0.044499 0.015322 
0.341174 0.599010 0.044470 0.015346 
0.341086 0.599103 0.044441 0.015369 
0.340989 0.599206 0.044412 0.015393 
0.340874 0.599328 0.044382 0.015416 
0.340740 0.599470 0.044349 0.015441 
0.340595 0.599625 0.044314 0.015465 
0.340454 0.599778 0.044278 0.015489 
0.340322 0.599923 0.044243 0.015512 
0.340198 0.600060 0.044207 0.015534 
0.340081 0.600192 0.044171 0.015555 
0.339971 0.600319 0.044135 0.015575 
0.339870 0.600440 0.044098 0.015592 
0.339776 0.600556 0.044060 0.015608 
0.339689 0.600670 0.044021 0.015620 
0.339605 0.600784 0.043980 0.015631 
0.339521 0.600899 0.043939 0.015641 
0.339441 0.601011 0.043896 0.015651 
0.339377 0.601107 0.043852 0.015663 
0.339335 0.601180 0.043807 0.015677 
0.339307 0.601239 0.043762 0.015691 
0.339277 0.601300 0.043718 0.015705 
0.339231 0.601373 0.043678 0.015717 
0.339172 0.601456 0.043644 0.015728 
0.339112 0.601537 0.043615 0.015736 
0.339059 0.601610 0.043589 0.015742 
0.339019 0.601673 0.043562 0.015746 
0.338992 0.601725 0.043534 0.015749 
0.338973 0.601768 0.043509 0.015750 
0.338958 0.601806 0.043485 0.015751 
0.338946 0.601841 0.043462 0.015751 
0.338936 0.601872 0.043441 0.015751 
0.338929 0.601899 0.043422 0.015750 
0.338922 0.601924 0.043404 0.015750 
0.338920 0.601945 0.043384 0.015751 
0.338932 0.601952 0.043361 0.015756 
0.338961 0.601941 0.043336 0.015762 
0.339001 0.601921 0.043309 0.015769 
0.339042 0.601902 0.043281 0.015775 
0.339081 0.601885 0.043253 0.015780 
0.339118 0.601871 0.043225 0.015786 
0.339153 0.601857 0.043197 0.015793 
0.339191 0.601839 0.043168 0.015802 
0.339235 0.601813 0.043139 0.015812 
0.339282 0.601783 0.043109 0.015825 
0.339329 0.601754 0.043078 0.015839 
0.339375 0.601725 0.043045 0.015855 
0.339422 0.601693 0.043013 0.015871 
0.339470 0.601659 0.042984 0.015887 
0.339518 0.601622 0.042957 0.015903 
0.339574 0.601574 0.042933 0.015920 
0.339648 0.601505 0.042909 0.015938 
0.339741 0.601418 0.042884 0.015957 
0.339843 0.601323 0.042857 0.015977 
0.339950 0.601223 0.042830 0.015998 
0.340073 0.601107 0.042801 0.016019 
0.340226 0.600963 0.042771 0.016039 
0.340411 0.600792 0.042739 0.016057 
0.340619 0.600600 0.042706 0.016075 
0.340836 0.600400 0.042673 0.016091 
0.341051 0.600203 0.042640 0.016106 
0.341257 0.600015 0.042608 0.016119 
0.341450 0.599839 0.042579 0.016132 
0.341631 0.599671 0.042553 0.016145 
0.341807 0.599504 0.042531 0.016157 
0.341985 0.599333 0.042513 0.016169 
0.342165 0.599157 0.042498 0.016180 
0.342347 0.598977 0.042484 0.016192 
0.342535 0.598791 0.042471 0.016203 
0.342732 0.598594 0.042462 0.016213 
0.342941 0.598382 0.042456 0.016221 
0.343165 0.598152 0.042455 0.016229 
0.343407 0.597902 0.042456 0.016235 
0.343663 0.597637 0.042458 0.016242 
0.343921 0.597369 0.042459 0.016250 
0.344172 0.597109 0.042461 0.016258 
0.344414 0.596861 0.042460 0.016266 
0.344648 0.596621 0.042458 0.016273 
0.344877 0.596388 0.042455 0.016279 
0.345100 0.596163 0.042451 0.016286 
0.345311 0.595953 0.042444 0.016292 
0.345510 0.595754 0.042437 0.016299 
0.345707 0.595556 0.042429 0.016308 
0.345912 0.595348 0.042421 0.016319 
0.346123 0.595135 0.042411 0.016330 
0.346331 0.594927 0.042399 0.016342 
0.346534 0.594727 0.042386 0.016353 
0.346736 0.594528 0.042372 0.016364 
0.346950 0.594316 0.042360 0.016374 
0.347181 0.594086 0.042350 0.016383 
0.347422 0.593848 0.042339 0.016391 
0.347661 0.593615 0.042326 0.016397 
0.347899 0.593386 0.042312 0.016403 
0.348145 0.593150 0.042297 0.016408 
0.348405 0.592901 0.042282 0.016412 
0.348687 0.592630 0.042267 0.016417 
0.348990 0.592335 0.042254 0.016421 
0.349308 0.592024 0.042244 0.016425 
0.349629 0.591709 0.042235 0.016427 
0.349941 0.591404 0.042226 0.016429 
0.350239 0.591112 0.042216 0.016432 
0.350524 0.590832 0.042205 0.016439 
0.350804 0.590555 0.042192 0.016448 
0.351083 0.590281 0.042179 0.016458 
0.351354 0.590015 0.042165 0.016466 
0.351612 0.589766 0.042149 0.016474 
0.351859 0.589530 0.042130 0.016482 
0.352103 0.589298 0.042108 0.016491 
0.352351 0.589064 0.042084 0.016501 
0.352608 0.588821 0.042060 0.016511 
0.352877 0.588567 0.042036 0.016520 
0.353152 0.588304 0.042014 0.016529 
0.353434 0.588035 0.041992 0.016539 
0.353724 0.587758 0.041969 0.016549 
0.354022 0.587476 0.041945 0.016557 
0.354311 0.587206 0.041919 0.016563 
0.354578 0.586963 0.041892 0.016568 
0.354820 0.586748 0.041862 0.016570 
0.355053 0.586546 0.041831 0.016571 
0.355285 0.586344 0.041800 0.016571 
0.355516 0.586145 0.041767 0.016572 
0.355732 0.585961 0.041734 0.016573 
0.355930 0.585797 0.041699 0.016574 
0.356117 0.585646 0.041663 0.016573 
0.356301 0.585498 0.041627 0.016574 
0.356484 0.585349 0.041591 0.016577 
0.356663 0.585199 0.041556 0.016582 
0.356839 0.585049 0.041522 0.016589 
0.357019 0.584894 0.041489 0.016597 
0.357208 0.584731 0.041457 0.016604 
0.357409 0.584556 0.041425 0.016610 
0.357621 0.584369 0.041396 0.016614 
0.357843 0.584173 0.041368 0.016617 
0.358067 0.583974 0.041340 0.016619 
0.358289 0.583779 0.041311 0.016621 
0.358509 0.583588 0.041282 0.016622 
0.358733 0.583394 0.041252 0.016621 
0.358970 0.583187 0.041224 0.016620 
