,answer,,,,,output
,ch1,ch2,ch3,ch4,,ch1,ch2,ch3,ch4
0,1.0000,0.0000,0.0000,0.0000,,0.8858,0.0551,0.0002,0.0589,
1,1.0000,0.0000,0.0000,0.0000,,0.8859,0.0554,0.0002,0.0585,
2,1.0000,0.0000,0.0000,0.0000,,0.8858,0.0559,0.0002,0.0580,
3,1.0000,0.0000,0.0000,0.0000,,0.8857,0.0565,0.0002,0.0576,
4,1.0000,0.0000,0.0000,0.0000,,0.8856,0.0571,0.0002,0.0571,
5,1.0000,0.0000,0.0000,0.0000,,0.8853,0.0578,0.0002,0.0567,
6,1.0000,0.0000,0.0000,0.0000,,0.8850,0.0586,0.0002,0.0562,
7,1.0000,0.0000,0.0000,0.0000,,0.8847,0.0593,0.0002,0.0557,
8,1.0000,0.0000,0.0000,0.0000,,0.8844,0.0602,0.0002,0.0552,
9,1.0000,0.0000,0.0000,0.0000,,0.8840,0.0610,0.0002,0.0548,
10,1.0000,0.0000,0.0000,0.0000,,0.8837,0.0618,0.0002,0.0543,
11,1.0000,0.0000,0.0000,0.0000,,0.8834,0.0626,0.0002,0.0539,
12,1.0000,0.0000,0.0000,0.0000,,0.8830,0.0634,0.0002,0.0534,
13,1.0000,0.0000,0.0000,0.0000,,0.8826,0.0642,0.0002,0.0529,
14,1.0000,0.0000,0.0000,0.0000,,0.8822,0.0651,0.0002,0.0524,
15,1.0000,0.0000,0.0000,0.0000,,0.8819,0.0659,0.0002,0.0520,
16,1.0000,0.0000,0.0000,0.0000,,0.8815,0.0668,0.0002,0.0515,
17,1.0000,0.0000,0.0000,0.0000,,0.8811,0.0676,0.0002,0.0511,
18,1.0000,0.0000,0.0000,0.0000,,0.8808,0.0684,0.0002,0.0507,
19,1.0000,0.0000,0.0000,0.0000,,0.8804,0.0691,0.0002,0.0502,
20,1.0000,0.0000,0.0000,0.0000,,0.8801,0.0699,0.0002,0.0498,
21,1.0000,0.0000,0.0000,0.0000,,0.8797,0.0707,0.0002,0.0494,
22,1.0000,0.0000,0.0000,0.0000,,0.8792,0.0716,0.0002,0.0490,
23,1.0000,0.0000,0.0000,0.0000,,0.8787,0.0725,0.0002,0.0485,
24,1.0000,0.0000,0.0000,0.0000,,0.8781,0.0736,0.0002,0.0481,
25,1.0000,0.0000,0.0000,0.0000,,0.8774,0.0747,0.0002,0.0476,
26,1.0000,0.0000,0.0000,0.0000,,0.8767,0.0759,0.0002,0.0472,
27,1.0000,0.0000,0.0000,0.0000,,0.8759,0.0771,0.0002,0.0468,
28,1.0000,0.0000,0.0000,0.0000,,0.8751,0.0783,0.0002,0.0463,
29,1.0000,0.0000,0.0000,0.0000,,0.8742,0.0797,0.0002,0.0459,
30,1.0000,0.0000,0.0000,0.0000,,0.8732,0.0811,0.0002,0.0454,
31,1.0000,0.0000,0.0000,0.0000,,0.8722,0.0826,0.0002,0.0450,
32,1.0000,0.0000,0.0000,0.0000,,0.8712,0.0840,0.0002,0.0446,
33,1.0000,0.0000,0.0000,0.0000,,0.8702,0.0854,0.0002,0.0441,
34,1.0000,0.0000,0.0000,0.0000,,0.8691,0.0869,0.0002,0.0437,
35,1.0000,0.0000,0.0000,0.0000,,0.8681,0.0884,0.0002,0.0433,
36,1.0000,0.0000,0.0000,0.0000,,0.8669,0.0899,0.0002,0.0429,
37,1.0000,0.0000,0.0000,0.0000,,0.8658,0.0915,0.0002,0.0425,
38,1.0000,0.0000,0.0000,0.0000,,0.8647,0.0930,0.0002,0.0421,
39,1.0000,0.0000,0.0000,0.0000,,0.8636,0.0944,0.0002,0.0417,
40,1.0000,0.0000,0.0000,0.0000,,0.8626,0.0958,0.0002,0.0414,
41,1.0000,0.0000,0.0000,0.0000,,0.8616,0.0972,0.0002,0.0410,
42,1.0000,0.0000,0.0000,0.0000,,0.8607,0.0984,0.0002,0.0407,
43,1.0000,0.0000,0.0000,0.0000,,0.8599,0.0996,0.0002,0.0403,
44,1.0000,0.0000,0.0000,0.0000,,0.8591,0.1007,0.0002,0.0400,
45,1.0000,0.0000,0.0000,0.0000,,0.8582,0.1019,0.0002,0.0397,
46,1.0000,0.0000,0.0000,0.0000,,0.8574,0.1030,0.0002,0.0393,
47,1.0000,0.0000,0.0000,0.0000,,0.8566,0.1042,0.0002,0.0390,
48,1.0000,0.0000,0.0000,0.0000,,0.8559,0.1052,0.0002,0.0387,
49,1.0000,0.0000,0.0000,0.0000,,0.8552,0.1062,0.0002,0.0383,
50,1.0000,0.0000,0.0000,0.0000,,0.8545,0.1072,0.0002,0.0380,
51,1.0000,0.0000,0.0000,0.0000,,0.8539,0.1083,0.0002,0.0376,
52,1.0000,0.0000,0.0000,0.0000,,0.8531,0.1094,0.0002,0.0373,
53,1.0000,0.0000,0.0000,0.0000,,0.8523,0.1105,0.0002,0.0369,
54,1.0000,0.0000,0.0000,0.0000,,0.8515,0.1117,0.0002,0.0366,
55,1.0000,0.0000,0.0000,0.0000,,0.8506,0.1129,0.0002,0.0362,
56,1.0000,0.0000,0.0000,0.0000,,0.8498,0.1142,0.0002,0.0358,
57,1.0000,0.0000,0.0000,0.0000,,0.8488,0.1154,0.0002,0.0355,
58,1.0000,0.0000,0.0000,0.0000,,0.8479,0.1167,0.0002,0.0352,
59,1.0000,0.0000,0.0000,0.0000,,0.8469,0.1181,0.0002,0.0348,
60,1.0000,0.0000,0.0000,0.0000,,0.8458,0.1195,0.0002,0.0345,
61,1.0000,0.0000,0.0000,0.0000,,0.8447,0.1209,0.0002,0.0341,
62,1.0000,0.0000,0.0000,0.0000,,0.8436,0.1224,0.0002,0.0338,
63,1.0000,0.0000,0.0000,0.0000,,0.8425,0.1238,0.0002,0.0335,
64,1.0000,0.0000,0.0000,0.0000,,0.8413,0.1253,0.0002,0.0331,
65,1.0000,0.0000,0.0000,0.0000,,0.8402,0.1268,0.0002,0.0328,
66,1.0000,0.0000,0.0000,0.0000,,0.8391,0.1282,0.0002,0.0325,
67,1.0000,0.0000,0.0000,0.0000,,0.8380,0.1296,0.0002,0.0322,
68,1.0000,0.0000,0.0000,0.0000,,0.8369,0.1310,0.0002,0.0318,
69,1.0000,0.0000,0.0000,0.0000,,0.8358,0.1324,0.0002,0.0315,
70,1.0000,0.0000,0.0000,0.0000,,0.8348,0.1338,0.0002,0.0312,
71,1.0000,0.0000,0.0000,0.0000,,0.8336,0.1352,0.0002,0.0309,
72,1.0000,0.0000,0.0000,0.0000,,0.8324,0.1367,0.0002,0.0306,
73,1.0000,0.0000,0.0000,0.0000,,0.8311,0.1384,0.0002,0.0303,
74,1.0000,0.0000,0.0000,0.0000,,0.8296,0.1401,0.0002,0.0300,
75,1.0000,0.0000,0.0000,0.0000,,0.8280,0.1421,0.0002,0.0297,
76,1.0000,0.0000,0.0000,0.0000,,0.8263,0.1441,0.0002,0.0294,
77,1.0000,0.0000,0.0000,0.0000,,0.8246,0.1461,0.0002,0.0291,
78,1.0000,0.0000,0.0000,0.0000,,0.8231,0.1479,0.0002,0.0288,
79,1.0000,0.0000,0.0000,0.0000,,0.8217,0.1496,0.0002,0.0285,
80,1.0000,0.0000,0.0000,0.0000,,0.8206,0.1510,0.0002,0.0282,
81,1.0000,0.0000,0.0000,0.0000,,0.8196,0.1522,0.0002,0.0279,
82,1.0000,0.0000,0.0000,0.0000,,0.8189,0.1532,0.0002,0.0276,
83,1.0000,0.0000,0.0000,0.0000,,0.8184,0.1540,0.0002,0.0274,
84,1.0000,0.0000,0.0000,0.0000,,0.8179,0.1547,0.0002,0.0271,
85,1.0000,0.0000,0.0000,0.0000,,0.8175,0.1553,0.0002,0.0269,
86,1.0000,0.0000,0.0000,0.0000,,0.8172,0.1560,0.0002,0.0267,
87,1.0000,0.0000,0.0000,0.0000,,0.8168,0.1566,0.0002,0.0264,
88,1.0000,0.0000,0.0000,0.0000,,0.8163,0.1573,0.0002,0.0262,
89,1.0000,0.0000,0.0000,0.0000,,0.8159,0.1579,0.0002,0.0259,
90,1.0000,0.0000,0.0000,0.0000,,0.8154,0.1587,0.0002,0.0257,
91,1.0000,0.0000,0.0000,0.0000,,0.8149,0.1594,0.0002,0.0255,
92,1.0000,0.0000,0.0000,0.0000,,0.8144,0.1602,0.0002,0.0252,
93,1.0000,0.0000,0.0000,0.0000,,0.8139,0.1609,0.0002,0.0250,
94,1.0000,0.0000,0.0000,0.0000,,0.8135,0.1615,0.0002,0.0248,
95,1.0000,0.0000,0.0000,0.0000,,0.8132,0.1620,0.0002,0.0246,
96,1.0000,0.0000,0.0000,0.0000,,0.8130,0.1624,0.0002,0.0244,
97,1.0000,0.0000,0.0000,0.0000,,0.8128,0.1628,0.0002,0.0241,
98,1.0000,0.0000,0.0000,0.0000,,0.8125,0.1633,0.0002,0.0239,
99,1.0000,0.0000,0.0000,0.0000,,0.8121,0.1639,0.0002,0.0237,
100,1.0000,0.0000,0.0000,0.0000,,0.8117,0.1646,0.0002,0.0235,
101,1.0000,0.0000,0.0000,0.0000,,0.8112,0.1653,0.0002,0.0233,
102,1.0000,0.0000,0.0000,0.0000,,0.8107,0.1660,0.0002,0.0231,
103,1.0000,0.0000,0.0000,0.0000,,0.8101,0.1668,0.0002,0.0229,
104,1.0000,0.0000,0.0000,0.0000,,0.8093,0.1678,0.0002,0.0227,
105,1.0000,0.0000,0.0000,0.0000,,0.8085,0.1688,0.0002,0.0225,
106,1.0000,0.0000,0.0000,0.0000,,0.8077,0.1697,0.0002,0.0223,
107,1.0000,0.0000,0.0000,0.0000,,0.8070,0.1707,0.0002,0.0221,
108,1.0000,0.0000,0.0000,0.0000,,0.8063,0.1716,0.0002,0.0219,
109,1.0000,0.0000,0.0000,0.0000,,0.8053,0.1727,0.0002,0.0217,
110,1.0000,0.0000,0.0000,0.0000,,0.8042,0.1741,0.0002,0.0215,
111,1.0000,0.0000,0.0000,0.0000,,0.8029,0.1756,0.0002,0.0213,
112,1.0000,0.0000,0.0000,0.0000,,0.8016,0.1772,0.0002,0.0211,
113,1.0000,0.0000,0.0000,0.0000,,0.8004,0.1786,0.0002,0.0208,
114,1.0000,0.0000,0.0000,0.0000,,0.7994,0.1798,0.0002,0.0206,
115,1.0000,0.0000,0.0000,0.0000,,0.7985,0.1809,0.0002,0.0204,
116,1.0000,0.0000,0.0000,0.0000,,0.7976,0.1820,0.0002,0.0202,
117,1.0000,0.0000,0.0000,0.0000,,0.7969,0.1830,0.0002,0.0200,
118,1.0000,0.0000,0.0000,0.0000,,0.7960,0.1840,0.0002,0.0198,
119,1.0000,0.0000,0.0000,0.0000,,0.7952,0.1850,0.0002,0.0196,
120,1.0000,0.0000,0.0000,0.0000,,0.7943,0.1862,0.0002,0.0194,
121,1.0000,0.0000,0.0000,0.0000,,0.7933,0.1873,0.0002,0.0192,
122,1.0000,0.0000,0.0000,0.0000,,0.7922,0.1886,0.0002,0.0190,
123,1.0000,0.0000,0.0000,0.0000,,0.7909,0.1901,0.0002,0.0188,
124,1.0000,0.0000,0.0000,0.0000,,0.7894,0.1918,0.0002,0.0186,
125,1.0000,0.0000,0.0000,0.0000,,0.7877,0.1937,0.0002,0.0184,
126,1.0000,0.0000,0.0000,0.0000,,0.7859,0.1957,0.0002,0.0182,
127,1.0000,0.0000,0.0000,0.0000,,0.7841,0.1977,0.0002,0.0180,
128,1.0000,0.0000,0.0000,0.0000,,0.7822,0.1998,0.0002,0.0178,
129,1.0000,0.0000,0.0000,0.0000,,0.7802,0.2020,0.0002,0.0176,
130,1.0000,0.0000,0.0000,0.0000,,0.7781,0.2043,0.0002,0.0174,
131,1.0000,0.0000,0.0000,0.0000,,0.7760,0.2066,0.0002,0.0172,
132,1.0000,0.0000,0.0000,0.0000,,0.7740,0.2088,0.0002,0.0170,
133,1.0000,0.0000,0.0000,0.0000,,0.7720,0.2110,0.0002,0.0168,
134,1.0000,0.0000,0.0000,0.0000,,0.7699,0.2133,0.0002,0.0166,
135,1.0000,0.0000,0.0000,0.0000,,0.7678,0.2155,0.0002,0.0165,
136,1.0000,0.0000,0.0000,0.0000,,0.7659,0.2176,0.0002,0.0163,
137,1.0000,0.0000,0.0000,0.0000,,0.7642,0.2195,0.0002,0.0161,
138,1.0000,0.0000,0.0000,0.0000,,0.7625,0.2213,0.0002,0.0160,
139,1.0000,0.0000,0.0000,0.0000,,0.7609,0.2231,0.0002,0.0158,
140,1.0000,0.0000,0.0000,0.0000,,0.7594,0.2248,0.0002,0.0156,
141,1.0000,0.0000,0.0000,0.0000,,0.7578,0.2265,0.0002,0.0155,
142,1.0000,0.0000,0.0000,0.0000,,0.7563,0.2281,0.0002,0.0153,
143,1.0000,0.0000,0.0000,0.0000,,0.7549,0.2297,0.0002,0.0152,
144,1.0000,0.0000,0.0000,0.0000,,0.7536,0.2312,0.0002,0.0151,
145,1.0000,0.0000,0.0000,0.0000,,0.7524,0.2325,0.0002,0.0149,
146,1.0000,0.0000,0.0000,0.0000,,0.7512,0.2338,0.0002,0.0148,
147,1.0000,0.0000,0.0000,0.0000,,0.7500,0.2351,0.0002,0.0147,
148,1.0000,0.0000,0.0000,0.0000,,0.7487,0.2365,0.0002,0.0146,
149,1.0000,0.0000,0.0000,0.0000,,0.7473,0.2380,0.0002,0.0144,
150,1.0000,0.0000,0.0000,0.0000,,0.7459,0.2397,0.0002,0.0143,
151,1.0000,0.0000,0.0000,0.0000,,0.7444,0.2413,0.0002,0.0142,
152,1.0000,0.0000,0.0000,0.0000,,0.7430,0.2427,0.0002,0.0141,
153,1.0000,0.0000,0.0000,0.0000,,0.7419,0.2440,0.0002,0.0140,
154,1.0000,0.0000,0.0000,0.0000,,0.7409,0.2451,0.0002,0.0139,
155,1.0000,0.0000,0.0000,0.0000,,0.7400,0.2461,0.0002,0.0137,
156,1.0000,0.0000,0.0000,0.0000,,0.7391,0.2471,0.0002,0.0136,
157,1.0000,0.0000,0.0000,0.0000,,0.7380,0.2483,0.0002,0.0135,
158,1.0000,0.0000,0.0000,0.0000,,0.7369,0.2495,0.0002,0.0134,
159,1.0000,0.0000,0.0000,0.0000,,0.7358,0.2507,0.0002,0.0133,
160,1.0000,0.0000,0.0000,0.0000,,0.7346,0.2520,0.0002,0.0132,
161,1.0000,0.0000,0.0000,0.0000,,0.7334,0.2534,0.0002,0.0131,
162,1.0000,0.0000,0.0000,0.0000,,0.7320,0.2548,0.0002,0.0130,
163,1.0000,0.0000,0.0000,0.0000,,0.7306,0.2564,0.0002,0.0129,
164,1.0000,0.0000,0.0000,0.0000,,0.7292,0.2579,0.0002,0.0128,
165,1.0000,0.0000,0.0000,0.0000,,0.7278,0.2595,0.0002,0.0126,
166,1.0000,0.0000,0.0000,0.0000,,0.7263,0.2610,0.0002,0.0125,
167,1.0000,0.0000,0.0000,0.0000,,0.7250,0.2624,0.0002,0.0124,
168,1.0000,0.0000,0.0000,0.0000,,0.7237,0.2638,0.0002,0.0123,
169,1.0000,0.0000,0.0000,0.0000,,0.7226,0.2651,0.0001,0.0122,
170,1.0000,0.0000,0.0000,0.0000,,0.7214,0.2663,0.0001,0.0121,
171,1.0000,0.0000,0.0000,0.0000,,0.7203,0.2675,0.0001,0.0120,
172,1.0000,0.0000,0.0000,0.0000,,0.7192,0.2687,0.0001,0.0119,
173,1.0000,0.0000,0.0000,0.0000,,0.7181,0.2699,0.0001,0.0118,
174,1.0000,0.0000,0.0000,0.0000,,0.7170,0.2711,0.0001,0.0117,
175,1.0000,0.0000,0.0000,0.0000,,0.7161,0.2721,0.0001,0.0116,
176,1.0000,0.0000,0.0000,0.0000,,0.7152,0.2731,0.0001,0.0115,
177,1.0000,0.0000,0.0000,0.0000,,0.7145,0.2739,0.0001,0.0115,
178,1.0000,0.0000,0.0000,0.0000,,0.7140,0.2745,0.0001,0.0114,
179,1.0000,0.0000,0.0000,0.0000,,0.7135,0.2751,0.0001,0.0113,
180,1.0000,0.0000,0.0000,0.0000,,0.7131,0.2755,0.0001,0.0112,
181,1.0000,0.0000,0.0000,0.0000,,0.7128,0.2759,0.0001,0.0112,
182,1.0000,0.0000,0.0000,0.0000,,0.7125,0.2762,0.0001,0.0111,
183,1.0000,0.0000,0.0000,0.0000,,0.7124,0.2764,0.0001,0.0110,
184,1.0000,0.0000,0.0000,0.0000,,0.7126,0.2764,0.0001,0.0109,
185,1.0000,0.0000,0.0000,0.0000,,0.7129,0.2760,0.0001,0.0109,
186,1.0000,0.0000,0.0000,0.0000,,0.7136,0.2755,0.0001,0.0108,
187,1.0000,0.0000,0.0000,0.0000,,0.7144,0.2747,0.0001,0.0108,
188,1.0000,0.0000,0.0000,0.0000,,0.7153,0.2739,0.0001,0.0107,
189,1.0000,0.0000,0.0000,0.0000,,0.7162,0.2730,0.0001,0.0106,
190,1.0000,0.0000,0.0000,0.0000,,0.7171,0.2721,0.0001,0.0106,
191,1.0000,0.0000,0.0000,0.0000,,0.7182,0.2711,0.0001,0.0105,
192,1.0000,0.0000,0.0000,0.0000,,0.7195,0.2699,0.0001,0.0105,
193,1.0000,0.0000,0.0000,0.0000,,0.7211,0.2684,0.0001,0.0104,
194,1.0000,0.0000,0.0000,0.0000,,0.7228,0.2667,0.0001,0.0104,
195,1.0000,0.0000,0.0000,0.0000,,0.7246,0.2649,0.0001,0.0103,
196,1.0000,0.0000,0.0000,0.0000,,0.7263,0.2633,0.0001,0.0103,
197,1.0000,0.0000,0.0000,0.0000,,0.7278,0.2619,0.0001,0.0102,
198,1.0000,0.0000,0.0000,0.0000,,0.7291,0.2606,0.0001,0.0102,
199,1.0000,0.0000,0.0000,0.0000,,0.7304,0.2593,0.0001,0.0101,
200,1.0000,0.0000,0.0000,0.0000,,0.7317,0.2581,0.0001,0.0101,
201,1.0000,0.0000,0.0000,0.0000,,0.7330,0.2569,0.0001,0.0100,
202,1.0000,0.0000,0.0000,0.0000,,0.7342,0.2556,0.0001,0.0100,
203,1.0000,0.0000,0.0000,0.0000,,0.7356,0.2544,0.0001,0.0100,
204,1.0000,0.0000,0.0000,0.0000,,0.7369,0.2530,0.0001,0.0099,
205,1.0000,0.0000,0.0000,0.0000,,0.7383,0.2517,0.0001,0.0099,
206,1.0000,0.0000,0.0000,0.0000,,0.7398,0.2503,0.0001,0.0098,
207,1.0000,0.0000,0.0000,0.0000,,0.7413,0.2488,0.0001,0.0098,
208,1.0000,0.0000,0.0000,0.0000,,0.7428,0.2473,0.0001,0.0098,
209,1.0000,0.0000,0.0000,0.0000,,0.7443,0.2458,0.0001,0.0097,
210,1.0000,0.0000,0.0000,0.0000,,0.7459,0.2443,0.0001,0.0097,
211,1.0000,0.0000,0.0000,0.0000,,0.7475,0.2428,0.0001,0.0096,
212,1.0000,0.0000,0.0000,0.0000,,0.7491,0.2412,0.0001,0.0096,
213,1.0000,0.0000,0.0000,0.0000,,0.7508,0.2395,0.0001,0.0096,
214,1.0000,0.0000,0.0000,0.0000,,0.7527,0.2376,0.0001,0.0095,
215,1.0000,0.0000,0.0000,0.0000,,0.7548,0.2356,0.0001,0.0095,
216,1.0000,0.0000,0.0000,0.0000,,0.7570,0.2334,0.0001,0.0095,
217,1.0000,0.0000,0.0000,0.0000,,0.7593,0.2311,0.0001,0.0095,
218,1.0000,0.0000,0.0000,0.0000,,0.7617,0.2288,0.0001,0.0095,
219,1.0000,0.0000,0.0000,0.0000,,0.7641,0.2264,0.0001,0.0094,
220,1.0000,0.0000,0.0000,0.0000,,0.7665,0.2240,0.0001,0.0094,
221,1.0000,0.0000,0.0000,0.0000,,0.7688,0.2217,0.0001,0.0094,
222,1.0000,0.0000,0.0000,0.0000,,0.7711,0.2194,0.0001,0.0094,
223,1.0000,0.0000,0.0000,0.0000,,0.7733,0.2172,0.0001,0.0093,
224,1.0000,0.0000,0.0000,0.0000,,0.7755,0.2151,0.0001,0.0093,
225,1.0000,0.0000,0.0000,0.0000,,0.7777,0.2129,0.0001,0.0093,
226,1.0000,0.0000,0.0000,0.0000,,0.7798,0.2108,0.0001,0.0093,
227,1.0000,0.0000,0.0000,0.0000,,0.7819,0.2088,0.0001,0.0093,
228,1.0000,0.0000,0.0000,0.0000,,0.7840,0.2067,0.0001,0.0092,
229,1.0000,0.0000,0.0000,0.0000,,0.7862,0.2045,0.0001,0.0092,
230,1.0000,0.0000,0.0000,0.0000,,0.7885,0.2023,0.0001,0.0092,
231,1.0000,0.0000,0.0000,0.0000,,0.7908,0.2000,0.0001,0.0092,
232,1.0000,0.0000,0.0000,0.0000,,0.7931,0.1977,0.0001,0.0091,
233,1.0000,0.0000,0.0000,0.0000,,0.7954,0.1954,0.0001,0.0091,
234,1.0000,0.0000,0.0000,0.0000,,0.7977,0.1931,0.0001,0.0091,
235,1.0000,0.0000,0.0000,0.0000,,0.8000,0.1908,0.0001,0.0091,
236,1.0000,0.0000,0.0000,0.0000,,0.8023,0.1885,0.0001,0.0091,
237,1.0000,0.0000,0.0000,0.0000,,0.8046,0.1862,0.0001,0.0090,
238,1.0000,0.0000,0.0000,0.0000,,0.8069,0.1840,0.0001,0.0090,
239,1.0000,0.0000,0.0000,0.0000,,0.8093,0.1816,0.0001,0.0090,
240,1.0000,0.0000,0.0000,0.0000,,0.8117,0.1792,0.0001,0.0090,
241,1.0000,0.0000,0.0000,0.0000,,0.8143,0.1767,0.0001,0.0090,
242,1.0000,0.0000,0.0000,0.0000,,0.8170,0.1740,0.0001,0.0090,
243,1.0000,0.0000,0.0000,0.0000,,0.8198,0.1712,0.0001,0.0090,
244,1.0000,0.0000,0.0000,0.0000,,0.8227,0.1683,0.0001,0.0089,
245,1.0000,0.0000,0.0000,0.0000,,0.8255,0.1655,0.0001,0.0089,
246,1.0000,0.0000,0.0000,0.0000,,0.8281,0.1628,0.0001,0.0089,
247,1.0000,0.0000,0.0000,0.0000,,0.8307,0.1603,0.0001,0.0089,
248,1.0000,0.0000,0.0000,0.0000,,0.8331,0.1579,0.0001,0.0089,
249,1.0000,0.0000,0.0000,0.0000,,0.8355,0.1555,0.0001,0.0089,
250,1.0000,0.0000,0.0000,0.0000,,0.8379,0.1532,0.0001,0.0089,
251,1.0000,0.0000,0.0000,0.0000,,0.8402,0.1509,0.0001,0.0089,
252,1.0000,0.0000,0.0000,0.0000,,0.8424,0.1487,0.0001,0.0088,
253,1.0000,0.0000,0.0000,0.0000,,0.8446,0.1465,0.0001,0.0088,
254,1.0000,0.0000,0.0000,0.0000,,0.8466,0.1445,0.0001,0.0088,
255,1.0000,0.0000,0.0000,0.0000,,0.8486,0.1426,0.0001,0.0088,
256,1.0000,0.0000,0.0000,0.0000,,0.8504,0.1408,0.0001,0.0088,
257,1.0000,0.0000,0.0000,0.0000,,0.8521,0.1391,0.0001,0.0088,
258,1.0000,0.0000,0.0000,0.0000,,0.8538,0.1374,0.0001,0.0087,
259,1.0000,0.0000,0.0000,0.0000,,0.8555,0.1357,0.0001,0.0087,
260,1.0000,0.0000,0.0000,0.0000,,0.8572,0.1340,0.0001,0.0087,
261,1.0000,0.0000,0.0000,0.0000,,0.8591,0.1322,0.0001,0.0087,
262,1.0000,0.0000,0.0000,0.0000,,0.8610,0.1303,0.0001,0.0087,
263,1.0000,0.0000,0.0000,0.0000,,0.8630,0.1283,0.0001,0.0086,
264,1.0000,0.0000,0.0000,0.0000,,0.8651,0.1262,0.0001,0.0086,
265,1.0000,0.0000,0.0000,0.0000,,0.8671,0.1243,0.0001,0.0086,
266,1.0000,0.0000,0.0000,0.0000,,0.8690,0.1224,0.0001,0.0086,
267,1.0000,0.0000,0.0000,0.0000,,0.8709,0.1205,0.0001,0.0086,
268,1.0000,0.0000,0.0000,0.0000,,0.8729,0.1185,0.0001,0.0085,
269,1.0000,0.0000,0.0000,0.0000,,0.8750,0.1164,0.0001,0.0085,
270,1.0000,0.0000,0.0000,0.0000,,0.8773,0.1141,0.0001,0.0085,
271,1.0000,0.0000,0.0000,0.0000,,0.8798,0.1117,0.0001,0.0085,
272,1.0000,0.0000,0.0000,0.0000,,0.8823,0.1092,0.0001,0.0085,
273,1.0000,0.0000,0.0000,0.0000,,0.8849,0.1066,0.0001,0.0085,
274,1.0000,0.0000,0.0000,0.0000,,0.8874,0.1041,0.0001,0.0084,
275,1.0000,0.0000,0.0000,0.0000,,0.8898,0.1017,0.0001,0.0084,
276,1.0000,0.0000,0.0000,0.0000,,0.8922,0.0993,0.0001,0.0084,
277,1.0000,0.0000,0.0000,0.0000,,0.8946,0.0970,0.0001,0.0084,
278,1.0000,0.0000,0.0000,0.0000,,0.8969,0.0947,0.0001,0.0084,
279,1.0000,0.0000,0.0000,0.0000,,0.8992,0.0924,0.0001,0.0084,
280,1.0000,0.0000,0.0000,0.0000,,0.9015,0.0901,0.0001,0.0083,
281,1.0000,0.0000,0.0000,0.0000,,0.9037,0.0879,0.0001,0.0083,
282,1.0000,0.0000,0.0000,0.0000,,0.9059,0.0858,0.0001,0.0083,
283,1.0000,0.0000,0.0000,0.0000,,0.9080,0.0837,0.0001,0.0083,
284,1.0000,0.0000,0.0000,0.0000,,0.9100,0.0817,0.0001,0.0083,
285,1.0000,0.0000,0.0000,0.0000,,0.9120,0.0797,0.0001,0.0082,
286,1.0000,0.0000,0.0000,0.0000,,0.9139,0.0779,0.0001,0.0082,
287,1.0000,0.0000,0.0000,0.0000,,0.9157,0.0761,0.0001,0.0082,
288,1.0000,0.0000,0.0000,0.0000,,0.9175,0.0743,0.0001,0.0082,
289,1.0000,0.0000,0.0000,0.0000,,0.9192,0.0726,0.0001,0.0082,
290,1.0000,0.0000,0.0000,0.0000,,0.9208,0.0710,0.0001,0.0082,
291,1.0000,0.0000,0.0000,0.0000,,0.9224,0.0694,0.0001,0.0081,
292,1.0000,0.0000,0.0000,0.0000,,0.9239,0.0679,0.0000,0.0081,
293,1.0000,0.0000,0.0000,0.0000,,0.9254,0.0664,0.0000,0.0081,
294,1.0000,0.0000,0.0000,0.0000,,0.9269,0.0650,0.0000,0.0081,
295,1.0000,0.0000,0.0000,0.0000,,0.9282,0.0637,0.0000,0.0081,
296,1.0000,0.0000,0.0000,0.0000,,0.9293,0.0626,0.0000,0.0081,
297,1.0000,0.0000,0.0000,0.0000,,0.9304,0.0615,0.0000,0.0080,
298,1.0000,0.0000,0.0000,0.0000,,0.9314,0.0606,0.0000,0.0080,
299,1.0000,0.0000,0.0000,0.0000,,0.9324,0.0596,0.0000,0.0080,
300,1.0000,0.0000,0.0000,0.0000,,0.9333,0.0586,0.0000,0.0080,
301,1.0000,0.0000,0.0000,0.0000,,0.9344,0.0577,0.0000,0.0079,
302,1.0000,0.0000,0.0000,0.0000,,0.9353,0.0567,0.0000,0.0079,
303,1.0000,0.0000,0.0000,0.0000,,0.9363,0.0558,0.0000,0.0079,
304,1.0000,0.0000,0.0000,0.0000,,0.9372,0.0549,0.0000,0.0079,
305,1.0000,0.0000,0.0000,0.0000,,0.9380,0.0541,0.0000,0.0079,
306,1.0000,0.0000,0.0000,0.0000,,0.9389,0.0532,0.0000,0.0079,
307,1.0000,0.0000,0.0000,0.0000,,0.9397,0.0524,0.0000,0.0078,
308,1.0000,0.0000,0.0000,0.0000,,0.9404,0.0517,0.0000,0.0078,
309,1.0000,0.0000,0.0000,0.0000,,0.9412,0.0510,0.0000,0.0078,
310,1.0000,0.0000,0.0000,0.0000,,0.9419,0.0502,0.0000,0.0078,
311,1.0000,0.0000,0.0000,0.0000,,0.9427,0.0495,0.0000,0.0078,
312,1.0000,0.0000,0.0000,0.0000,,0.9434,0.0488,0.0000,0.0077,
313,1.0000,0.0000,0.0000,0.0000,,0.9442,0.0481,0.0000,0.0077,
314,1.0000,0.0000,0.0000,0.0000,,0.9448,0.0474,0.0000,0.0077,
315,1.0000,0.0000,0.0000,0.0000,,0.9455,0.0468,0.0000,0.0077,
316,1.0000,0.0000,0.0000,0.0000,,0.9460,0.0462,0.0000,0.0077,
317,1.0000,0.0000,0.0000,0.0000,,0.9466,0.0457,0.0000,0.0077,
318,1.0000,0.0000,0.0000,0.0000,,0.9471,0.0452,0.0000,0.0076,
319,1.0000,0.0000,0.0000,0.0000,,0.9476,0.0448,0.0000,0.0076,
320,1.0000,0.0000,0.0000,0.0000,,0.9481,0.0443,0.0000,0.0076,
321,1.0000,0.0000,0.0000,0.0000,,0.9486,0.0438,0.0000,0.0076,
322,1.0000,0.0000,0.0000,0.0000,,0.9490,0.0433,0.0000,0.0076,
323,1.0000,0.0000,0.0000,0.0000,,0.9495,0.0429,0.0000,0.0076,
324,1.0000,0.0000,0.0000,0.0000,,0.9500,0.0424,0.0000,0.0075,
325,1.0000,0.0000,0.0000,0.0000,,0.9505,0.0419,0.0000,0.0075,
326,1.0000,0.0000,0.0000,0.0000,,0.9510,0.0414,0.0000,0.0075,
327,1.0000,0.0000,0.0000,0.0000,,0.9515,0.0410,0.0000,0.0075,
328,1.0000,0.0000,0.0000,0.0000,,0.9520,0.0405,0.0000,0.0075,
329,1.0000,0.0000,0.0000,0.0000,,0.9524,0.0401,0.0000,0.0075,
330,1.0000,0.0000,0.0000,0.0000,,0.9529,0.0396,0.0000,0.0075,
331,1.0000,0.0000,0.0000,0.0000,,0.9534,0.0391,0.0000,0.0074,
332,1.0000,0.0000,0.0000,0.0000,,0.9538,0.0387,0.0000,0.0074,
333,1.0000,0.0000,0.0000,0.0000,,0.9543,0.0383,0.0000,0.0074,
334,1.0000,0.0000,0.0000,0.0000,,0.9546,0.0379,0.0000,0.0074,
335,1.0000,0.0000,0.0000,0.0000,,0.9550,0.0376,0.0000,0.0074,
336,1.0000,0.0000,0.0000,0.0000,,0.9554,0.0372,0.0000,0.0074,
337,1.0000,0.0000,0.0000,0.0000,,0.9558,0.0368,0.0000,0.0073,
338,1.0000,0.0000,0.0000,0.0000,,0.9562,0.0364,0.0000,0.0073,
339,1.0000,0.0000,0.0000,0.0000,,0.9566,0.0360,0.0000,0.0073,
340,1.0000,0.0000,0.0000,0.0000,,0.9571,0.0356,0.0000,0.0073,
341,1.0000,0.0000,0.0000,0.0000,,0.9575,0.0352,0.0000,0.0073,
342,1.0000,0.0000,0.0000,0.0000,,0.9580,0.0347,0.0000,0.0073,
343,1.0000,0.0000,0.0000,0.0000,,0.9585,0.0343,0.0000,0.0073,
344,1.0000,0.0000,0.0000,0.0000,,0.9589,0.0338,0.0000,0.0072,
345,1.0000,0.0000,0.0000,0.0000,,0.9594,0.0333,0.0000,0.0072,
346,1.0000,0.0000,0.0000,0.0000,,0.9599,0.0329,0.0000,0.0072,
347,1.0000,0.0000,0.0000,0.0000,,0.9603,0.0325,0.0000,0.0072,
348,1.0000,0.0000,0.0000,0.0000,,0.9607,0.0321,0.0000,0.0072,
349,1.0000,0.0000,0.0000,0.0000,,0.9610,0.0318,0.0000,0.0072,
350,1.0000,0.0000,0.0000,0.0000,,0.9614,0.0315,0.0000,0.0072,
351,1.0000,0.0000,0.0000,0.0000,,0.9617,0.0311,0.0000,0.0071,
352,1.0000,0.0000,0.0000,0.0000,,0.9620,0.0308,0.0000,0.0071,
353,1.0000,0.0000,0.0000,0.0000,,0.9623,0.0305,0.0000,0.0071,
354,1.0000,0.0000,0.0000,0.0000,,0.9626,0.0302,0.0000,0.0071,
355,1.0000,0.0000,0.0000,0.0000,,0.9629,0.0299,0.0000,0.0071,
356,1.0000,0.0000,0.0000,0.0000,,0.9633,0.0296,0.0000,0.0071,
357,1.0000,0.0000,0.0000,0.0000,,0.9636,0.0293,0.0000,0.0071,
358,1.0000,0.0000,0.0000,0.0000,,0.9638,0.0291,0.0000,0.0071,
359,1.0000,0.0000,0.0000,0.0000,,0.9641,0.0288,0.0000,0.0070,
360,1.0000,0.0000,0.0000,0.0000,,0.9644,0.0286,0.0000,0.0070,
361,1.0000,0.0000,0.0000,0.0000,,0.9646,0.0283,0.0000,0.0070,
362,1.0000,0.0000,0.0000,0.0000,,0.9649,0.0281,0.0000,0.0070,
363,1.0000,0.0000,0.0000,0.0000,,0.9652,0.0278,0.0000,0.0070,
364,1.0000,0.0000,0.0000,0.0000,,0.9655,0.0275,0.0000,0.0070,
365,1.0000,0.0000,0.0000,0.0000,,0.9658,0.0272,0.0000,0.0070,
366,1.0000,0.0000,0.0000,0.0000,,0.9662,0.0268,0.0000,0.0070,
367,1.0000,0.0000,0.0000,0.0000,,0.9665,0.0265,0.0000,0.0070,
368,1.0000,0.0000,0.0000,0.0000,,0.9668,0.0262,0.0000,0.0069,
369,1.0000,0.0000,0.0000,0.0000,,0.9671,0.0259,0.0000,0.0069,
370,1.0000,0.0000,0.0000,0.0000,,0.9674,0.0256,0.0000,0.0069,
371,1.0000,0.0000,0.0000,0.0000,,0.9677,0.0253,0.0000,0.0069,
372,1.0000,0.0000,0.0000,0.0000,,0.9681,0.0250,0.0000,0.0069,
373,1.0000,0.0000,0.0000,0.0000,,0.9685,0.0246,0.0000,0.0069,
374,1.0000,0.0000,0.0000,0.0000,,0.9688,0.0243,0.0000,0.0069,
375,1.0000,0.0000,0.0000,0.0000,,0.9692,0.0239,0.0000,0.0069,
376,1.0000,0.0000,0.0000,0.0000,,0.9695,0.0236,0.0000,0.0069,
377,1.0000,0.0000,0.0000,0.0000,,0.9699,0.0233,0.0000,0.0068,
378,1.0000,0.0000,0.0000,0.0000,,0.9702,0.0229,0.0000,0.0068,
379,1.0000,0.0000,0.0000,0.0000,,0.9705,0.0226,0.0000,0.0068,
380,1.0000,0.0000,0.0000,0.0000,,0.9709,0.0223,0.0000,0.0068,
381,1.0000,0.0000,0.0000,0.0000,,0.9712,0.0220,0.0000,0.0068,
382,1.0000,0.0000,0.0000,0.0000,,0.9716,0.0216,0.0000,0.0068,
383,1.0000,0.0000,0.0000,0.0000,,0.9719,0.0213,0.0000,0.0068,
384,1.0000,0.0000,0.0000,0.0000,,0.9722,0.0209,0.0000,0.0068,
385,1.0000,0.0000,0.0000,0.0000,,0.9726,0.0206,0.0000,0.0068,
386,1.0000,0.0000,0.0000,0.0000,,0.9729,0.0203,0.0000,0.0068,
387,1.0000,0.0000,0.0000,0.0000,,0.9732,0.0200,0.0000,0.0068,
388,1.0000,0.0000,0.0000,0.0000,,0.9735,0.0197,0.0000,0.0068,
389,1.0000,0.0000,0.0000,0.0000,,0.9737,0.0195,0.0000,0.0068,
390,1.0000,0.0000,0.0000,0.0000,,0.9740,0.0192,0.0000,0.0068,
391,1.0000,0.0000,0.0000,0.0000,,0.9742,0.0190,0.0000,0.0068,
392,1.0000,0.0000,0.0000,0.0000,,0.9745,0.0187,0.0000,0.0068,
393,1.0000,0.0000,0.0000,0.0000,,0.9747,0.0185,0.0000,0.0068,
394,1.0000,0.0000,0.0000,0.0000,,0.9749,0.0183,0.0000,0.0068,
395,1.0000,0.0000,0.0000,0.0000,,0.9751,0.0181,0.0000,0.0068,
396,1.0000,0.0000,0.0000,0.0000,,0.9753,0.0179,0.0000,0.0068,
397,1.0000,0.0000,0.0000,0.0000,,0.9755,0.0177,0.0000,0.0068,
398,1.0000,0.0000,0.0000,0.0000,,0.9757,0.0175,0.0000,0.0068,
399,1.0000,0.0000,0.0000,0.0000,,0.9759,0.0173,0.0000,0.0068,
400,1.0000,0.0000,0.0000,0.0000,,0.9761,0.0171,0.0000,0.0067,
401,1.0000,0.0000,0.0000,0.0000,,0.9763,0.0170,0.0000,0.0067,
402,1.0000,0.0000,0.0000,0.0000,,0.9765,0.0168,0.0000,0.0067,
403,1.0000,0.0000,0.0000,0.0000,,0.9766,0.0166,0.0000,0.0067,
404,1.0000,0.0000,0.0000,0.0000,,0.9768,0.0164,0.0000,0.0067,
405,1.0000,0.0000,0.0000,0.0000,,0.9770,0.0162,0.0000,0.0067,
406,1.0000,0.0000,0.0000,0.0000,,0.9772,0.0160,0.0000,0.0067,
407,1.0000,0.0000,0.0000,0.0000,,0.9774,0.0158,0.0000,0.0067,
408,1.0000,0.0000,0.0000,0.0000,,0.9776,0.0156,0.0000,0.0067,
409,1.0000,0.0000,0.0000,0.0000,,0.9778,0.0154,0.0000,0.0067,
410,1.0000,0.0000,0.0000,0.0000,,0.9780,0.0152,0.0000,0.0067,
411,1.0000,0.0000,0.0000,0.0000,,0.9782,0.0150,0.0000,0.0067,
412,1.0000,0.0000,0.0000,0.0000,,0.9785,0.0148,0.0000,0.0067,
413,1.0000,0.0000,0.0000,0.0000,,0.9787,0.0146,0.0000,0.0067,
414,1.0000,0.0000,0.0000,0.0000,,0.9788,0.0144,0.0000,0.0067,
415,1.0000,0.0000,0.0000,0.0000,,0.9790,0.0142,0.0000,0.0067,
416,1.0000,0.0000,0.0000,0.0000,,0.9791,0.0141,0.0000,0.0067,
417,1.0000,0.0000,0.0000,0.0000,,0.9793,0.0140,0.0000,0.0067,
418,1.0000,0.0000,0.0000,0.0000,,0.9794,0.0139,0.0000,0.0067,
419,1.0000,0.0000,0.0000,0.0000,,0.9795,0.0138,0.0000,0.0067,
420,1.0000,0.0000,0.0000,0.0000,,0.9795,0.0137,0.0000,0.0067,
421,1.0000,0.0000,0.0000,0.0000,,0.9795,0.0137,0.0000,0.0067,
422,1.0000,0.0000,0.0000,0.0000,,0.9796,0.0137,0.0000,0.0067,
423,1.0000,0.0000,0.0000,0.0000,,0.9796,0.0136,0.0000,0.0067,
424,1.0000,0.0000,0.0000,0.0000,,0.9796,0.0136,0.0000,0.0067,
425,1.0000,0.0000,0.0000,0.0000,,0.9797,0.0136,0.0000,0.0067,
426,1.0000,0.0000,0.0000,0.0000,,0.9797,0.0135,0.0000,0.0067,
427,1.0000,0.0000,0.0000,0.0000,,0.9798,0.0135,0.0000,0.0067,
428,1.0000,0.0000,0.0000,0.0000,,0.9798,0.0134,0.0000,0.0067,
429,1.0000,0.0000,0.0000,0.0000,,0.9798,0.0134,0.0000,0.0067,
430,1.0000,0.0000,0.0000,0.0000,,0.9799,0.0134,0.0000,0.0067,
431,1.0000,0.0000,0.0000,0.0000,,0.9799,0.0134,0.0000,0.0067,
432,1.0000,0.0000,0.0000,0.0000,,0.9799,0.0133,0.0000,0.0067,
433,1.0000,0.0000,0.0000,0.0000,,0.9799,0.0133,0.0000,0.0067,
434,1.0000,0.0000,0.0000,0.0000,,0.9800,0.0133,0.0000,0.0067,
435,1.0000,0.0000,0.0000,0.0000,,0.9800,0.0133,0.0000,0.0067,
436,1.0000,0.0000,0.0000,0.0000,,0.9800,0.0133,0.0000,0.0067,
437,1.0000,0.0000,0.0000,0.0000,,0.9800,0.0133,0.0000,0.0067,
438,1.0000,0.0000,0.0000,0.0000,,0.9800,0.0133,0.0000,0.0067,
439,1.0000,0.0000,0.0000,0.0000,,0.9800,0.0133,0.0000,0.0067,
440,1.0000,0.0000,0.0000,0.0000,,0.9800,0.0133,0.0000,0.0067,
441,1.0000,0.0000,0.0000,0.0000,,0.9800,0.0133,0.0000,0.0067,
442,1.0000,0.0000,0.0000,0.0000,,0.9800,0.0132,0.0000,0.0067,
443,1.0000,0.0000,0.0000,0.0000,,0.9801,0.0132,0.0000,0.0067,
444,1.0000,0.0000,0.0000,0.0000,,0.9801,0.0132,0.0000,0.0067,
445,1.0000,0.0000,0.0000,0.0000,,0.9802,0.0131,0.0000,0.0067,
446,1.0000,0.0000,0.0000,0.0000,,0.9802,0.0131,0.0000,0.0067,
447,1.0000,0.0000,0.0000,0.0000,,0.9802,0.0131,0.0000,0.0067,
448,1.0000,0.0000,0.0000,0.0000,,0.9803,0.0130,0.0000,0.0067,
449,1.0000,0.0000,0.0000,0.0000,,0.9803,0.0130,0.0000,0.0067,
450,1.0000,0.0000,0.0000,0.0000,,0.9803,0.0129,0.0000,0.0067,
451,1.0000,0.0000,0.0000,0.0000,,0.9804,0.0129,0.0000,0.0067,
452,1.0000,0.0000,0.0000,0.0000,,0.9804,0.0129,0.0000,0.0067,
453,1.0000,0.0000,0.0000,0.0000,,0.9805,0.0129,0.0000,0.0067,
454,1.0000,0.0000,0.0000,0.0000,,0.9805,0.0128,0.0000,0.0067,
455,1.0000,0.0000,0.0000,0.0000,,0.9805,0.0128,0.0000,0.0067,
456,1.0000,0.0000,0.0000,0.0000,,0.9806,0.0128,0.0000,0.0067,
457,1.0000,0.0000,0.0000,0.0000,,0.9806,0.0127,0.0000,0.0067,
458,1.0000,0.0000,0.0000,0.0000,,0.9806,0.0127,0.0000,0.0067,
459,1.0000,0.0000,0.0000,0.0000,,0.9806,0.0127,0.0000,0.0067,
460,1.0000,0.0000,0.0000,0.0000,,0.9807,0.0126,0.0000,0.0067,
461,1.0000,0.0000,0.0000,0.0000,,0.9807,0.0126,0.0000,0.0067,
462,1.0000,0.0000,0.0000,0.0000,,0.9808,0.0126,0.0000,0.0067,
463,1.0000,0.0000,0.0000,0.0000,,0.9808,0.0125,0.0000,0.0067,
464,1.0000,0.0000,0.0000,0.0000,,0.9808,0.0125,0.0000,0.0067,
465,1.0000,0.0000,0.0000,0.0000,,0.9808,0.0125,0.0000,0.0067,
466,1.0000,0.0000,0.0000,0.0000,,0.9809,0.0125,0.0000,0.0067,
467,1.0000,0.0000,0.0000,0.0000,,0.9809,0.0124,0.0000,0.0067,
468,1.0000,0.0000,0.0000,0.0000,,0.9809,0.0124,0.0000,0.0067,
469,1.0000,0.0000,0.0000,0.0000,,0.9810,0.0124,0.0000,0.0067,
470,1.0000,0.0000,0.0000,0.0000,,0.9810,0.0123,0.0000,0.0067,
471,1.0000,0.0000,0.0000,0.0000,,0.9810,0.0123,0.0000,0.0067,
472,1.0000,0.0000,0.0000,0.0000,,0.9811,0.0123,0.0000,0.0067,
473,1.0000,0.0000,0.0000,0.0000,,0.9811,0.0122,0.0000,0.0067,
474,1.0000,0.0000,0.0000,0.0000,,0.9811,0.0122,0.0000,0.0067,
475,1.0000,0.0000,0.0000,0.0000,,0.9812,0.0121,0.0000,0.0067,
476,1.0000,0.0000,0.0000,0.0000,,0.9812,0.0121,0.0000,0.0067,
477,1.0000,0.0000,0.0000,0.0000,,0.9813,0.0120,0.0000,0.0067,
478,1.0000,0.0000,0.0000,0.0000,,0.9814,0.0119,0.0000,0.0067,
479,1.0000,0.0000,0.0000,0.0000,,0.9815,0.0118,0.0000,0.0067,
480,1.0000,0.0000,0.0000,0.0000,,0.9816,0.0117,0.0000,0.0067,
481,1.0000,0.0000,0.0000,0.0000,,0.9817,0.0116,0.0000,0.0067,
482,1.0000,0.0000,0.0000,0.0000,,0.9818,0.0115,0.0000,0.0067,
483,1.0000,0.0000,0.0000,0.0000,,0.9819,0.0114,0.0000,0.0067,
484,1.0000,0.0000,0.0000,0.0000,,0.9820,0.0113,0.0000,0.0067,
485,1.0000,0.0000,0.0000,0.0000,,0.9821,0.0112,0.0000,0.0067,
486,1.0000,0.0000,0.0000,0.0000,,0.9822,0.0111,0.0000,0.0067,
487,1.0000,0.0000,0.0000,0.0000,,0.9823,0.0110,0.0000,0.0067,
488,1.0000,0.0000,0.0000,0.0000,,0.9824,0.0109,0.0000,0.0066,
489,1.0000,0.0000,0.0000,0.0000,,0.9825,0.0108,0.0000,0.0066,
490,1.0000,0.0000,0.0000,0.0000,,0.9826,0.0107,0.0000,0.0066,
491,1.0000,0.0000,0.0000,0.0000,,0.9827,0.0106,0.0000,0.0066,
492,1.0000,0.0000,0.0000,0.0000,,0.9828,0.0105,0.0000,0.0066,
493,1.0000,0.0000,0.0000,0.0000,,0.9829,0.0105,0.0000,0.0066,
494,1.0000,0.0000,0.0000,0.0000,,0.9829,0.0104,0.0000,0.0066,
495,1.0000,0.0000,0.0000,0.0000,,0.9830,0.0103,0.0000,0.0066,
496,1.0000,0.0000,0.0000,0.0000,,0.9831,0.0103,0.0000,0.0066,
497,1.0000,0.0000,0.0000,0.0000,,0.9831,0.0102,0.0000,0.0066,
498,1.0000,0.0000,0.0000,0.0000,,0.9832,0.0102,0.0000,0.0066,
499,1.0000,0.0000,0.0000,0.0000,,0.9833,0.0101,0.0000,0.0066,
500,1.0000,0.0000,0.0000,0.0000,,0.9833,0.0101,0.0000,0.0066,
501,1.0000,0.0000,0.0000,0.0000,,0.9833,0.0100,0.0000,0.0066,
502,1.0000,0.0000,0.0000,0.0000,,0.9834,0.0100,0.0000,0.0066,
503,1.0000,0.0000,0.0000,0.0000,,0.9834,0.0100,0.0000,0.0066,
504,1.0000,0.0000,0.0000,0.0000,,0.9834,0.0100,0.0000,0.0066,
505,1.0000,0.0000,0.0000,0.0000,,0.9834,0.0099,0.0000,0.0066,
506,1.0000,0.0000,0.0000,0.0000,,0.9835,0.0099,0.0000,0.0066,
507,1.0000,0.0000,0.0000,0.0000,,0.9835,0.0099,0.0000,0.0066,
508,1.0000,0.0000,0.0000,0.0000,,0.9835,0.0099,0.0000,0.0066,
509,1.0000,0.0000,0.0000,0.0000,,0.9835,0.0099,0.0000,0.0066,
510,1.0000,0.0000,0.0000,0.0000,,0.9835,0.0099,0.0000,0.0066,
511,1.0000,0.0000,0.0000,0.0000,,0.9835,0.0099,0.0000,0.0066,
512,1.0000,0.0000,0.0000,0.0000,,0.9835,0.0099,0.0000,0.0066,
513,1.0000,0.0000,0.0000,0.0000,,0.9835,0.0099,0.0000,0.0066,
514,1.0000,0.0000,0.0000,0.0000,,0.9835,0.0099,0.0000,0.0066,
515,1.0000,0.0000,0.0000,0.0000,,0.9835,0.0099,0.0000,0.0066,
516,1.0000,0.0000,0.0000,0.0000,,0.9835,0.0099,0.0000,0.0066,
517,1.0000,0.0000,0.0000,0.0000,,0.9835,0.0099,0.0000,0.0066,
518,1.0000,0.0000,0.0000,0.0000,,0.9835,0.0099,0.0000,0.0066,
519,1.0000,0.0000,0.0000,0.0000,,0.9835,0.0099,0.0000,0.0066,
520,1.0000,0.0000,0.0000,0.0000,,0.9835,0.0099,0.0000,0.0066,
521,1.0000,0.0000,0.0000,0.0000,,0.9835,0.0099,0.0000,0.0066,
522,1.0000,0.0000,0.0000,0.0000,,0.9835,0.0099,0.0000,0.0066,
523,1.0000,0.0000,0.0000,0.0000,,0.9835,0.0099,0.0000,0.0066,
524,1.0000,0.0000,0.0000,0.0000,,0.9835,0.0099,0.0000,0.0066,
525,1.0000,0.0000,0.0000,0.0000,,0.9835,0.0099,0.0000,0.0066,
526,1.0000,0.0000,0.0000,0.0000,,0.9835,0.0099,0.0000,0.0066,
527,1.0000,0.0000,0.0000,0.0000,,0.9835,0.0099,0.0000,0.0066,
528,1.0000,0.0000,0.0000,0.0000,,0.9835,0.0099,0.0000,0.0065,
529,1.0000,0.0000,0.0000,0.0000,,0.9835,0.0099,0.0000,0.0065,
530,1.0000,0.0000,0.0000,0.0000,,0.9835,0.0099,0.0000,0.0065,
531,1.0000,0.0000,0.0000,0.0000,,0.9835,0.0099,0.0000,0.0065,
532,1.0000,0.0000,0.0000,0.0000,,0.9835,0.0099,0.0000,0.0065,
533,1.0000,0.0000,0.0000,0.0000,,0.9835,0.0099,0.0000,0.0065,
534,1.0000,0.0000,0.0000,0.0000,,0.9836,0.0099,0.0000,0.0065,
535,1.0000,0.0000,0.0000,0.0000,,0.9836,0.0099,0.0000,0.0065,
536,1.0000,0.0000,0.0000,0.0000,,0.9836,0.0099,0.0000,0.0065,
537,1.0000,0.0000,0.0000,0.0000,,0.9836,0.0098,0.0000,0.0065,
538,1.0000,0.0000,0.0000,0.0000,,0.9837,0.0098,0.0000,0.0065,
539,1.0000,0.0000,0.0000,0.0000,,0.9837,0.0098,0.0000,0.0065,
540,1.0000,0.0000,0.0000,0.0000,,0.9838,0.0097,0.0000,0.0065,
541,1.0000,0.0000,0.0000,0.0000,,0.9838,0.0097,0.0000,0.0065,
542,1.0000,0.0000,0.0000,0.0000,,0.9839,0.0097,0.0000,0.0065,
543,1.0000,0.0000,0.0000,0.0000,,0.9839,0.0096,0.0000,0.0065,
544,1.0000,0.0000,0.0000,0.0000,,0.9839,0.0096,0.0000,0.0065,
545,1.0000,0.0000,0.0000,0.0000,,0.9839,0.0096,0.0000,0.0064,
546,1.0000,0.0000,0.0000,0.0000,,0.9840,0.0096,0.0000,0.0064,
547,1.0000,0.0000,0.0000,0.0000,,0.9840,0.0095,0.0000,0.0064,
548,1.0000,0.0000,0.0000,0.0000,,0.9840,0.0095,0.0000,0.0064,
549,1.0000,0.0000,0.0000,0.0000,,0.9840,0.0095,0.0000,0.0064,
550,1.0000,0.0000,0.0000,0.0000,,0.9841,0.0095,0.0000,0.0064,
551,1.0000,0.0000,0.0000,0.0000,,0.9841,0.0095,0.0000,0.0064,
552,1.0000,0.0000,0.0000,0.0000,,0.9841,0.0095,0.0000,0.0064,
553,1.0000,0.0000,0.0000,0.0000,,0.9841,0.0095,0.0000,0.0064,
554,1.0000,0.0000,0.0000,0.0000,,0.9841,0.0095,0.0000,0.0064,
555,1.0000,0.0000,0.0000,0.0000,,0.9841,0.0095,0.0000,0.0064,
556,1.0000,0.0000,0.0000,0.0000,,0.9841,0.0095,0.0000,0.0064,
557,1.0000,0.0000,0.0000,0.0000,,0.9841,0.0095,0.0000,0.0064,
558,1.0000,0.0000,0.0000,0.0000,,0.9841,0.0095,0.0000,0.0064,
559,1.0000,0.0000,0.0000,0.0000,,0.9841,0.0095,0.0000,0.0064,
560,1.0000,0.0000,0.0000,0.0000,,0.9841,0.0096,0.0000,0.0064,
561,1.0000,0.0000,0.0000,0.0000,,0.9840,0.0096,0.0000,0.0064,
562,1.0000,0.0000,0.0000,0.0000,,0.9840,0.0096,0.0000,0.0064,
563,1.0000,0.0000,0.0000,0.0000,,0.9840,0.0096,0.0000,0.0064,
564,1.0000,0.0000,0.0000,0.0000,,0.9840,0.0096,0.0000,0.0064,
565,1.0000,0.0000,0.0000,0.0000,,0.9840,0.0097,0.0000,0.0063,
566,1.0000,0.0000,0.0000,0.0000,,0.9840,0.0097,0.0000,0.0063,
567,1.0000,0.0000,0.0000,0.0000,,0.9840,0.0097,0.0000,0.0063,
568,1.0000,0.0000,0.0000,0.0000,,0.9839,0.0097,0.0000,0.0063,
569,1.0000,0.0000,0.0000,0.0000,,0.9839,0.0097,0.0000,0.0063,
570,1.0000,0.0000,0.0000,0.0000,,0.9839,0.0097,0.0000,0.0063,
571,1.0000,0.0000,0.0000,0.0000,,0.9839,0.0097,0.0000,0.0063,
572,1.0000,0.0000,0.0000,0.0000,,0.9839,0.0097,0.0000,0.0063,
573,1.0000,0.0000,0.0000,0.0000,,0.9839,0.0097,0.0000,0.0063,
574,1.0000,0.0000,0.0000,0.0000,,0.9839,0.0098,0.0000,0.0063,
575,1.0000,0.0000,0.0000,0.0000,,0.9839,0.0098,0.0000,0.0063,
576,1.0000,0.0000,0.0000,0.0000,,0.9839,0.0098,0.0000,0.0063,
577,1.0000,0.0000,0.0000,0.0000,,0.9838,0.0098,0.0000,0.0063,
578,1.0000,0.0000,0.0000,0.0000,,0.9838,0.0098,0.0000,0.0063,
579,1.0000,0.0000,0.0000,0.0000,,0.9838,0.0098,0.0000,0.0064,
580,1.0000,0.0000,0.0000,0.0000,,0.9838,0.0098,0.0000,0.0064,
581,1.0000,0.0000,0.0000,0.0000,,0.9838,0.0099,0.0000,0.0064,
582,1.0000,0.0000,0.0000,0.0000,,0.9837,0.0099,0.0000,0.0064,
583,1.0000,0.0000,0.0000,0.0000,,0.9837,0.0099,0.0000,0.0064,
584,1.0000,0.0000,0.0000,0.0000,,0.9837,0.0100,0.0000,0.0064,
585,1.0000,0.0000,0.0000,0.0000,,0.9837,0.0100,0.0000,0.0064,
586,1.0000,0.0000,0.0000,0.0000,,0.9836,0.0100,0.0000,0.0064,
587,1.0000,0.0000,0.0000,0.0000,,0.9836,0.0100,0.0000,0.0064,
588,1.0000,0.0000,0.0000,0.0000,,0.9836,0.0100,0.0000,0.0064,
589,1.0000,0.0000,0.0000,0.0000,,0.9836,0.0100,0.0000,0.0064,
590,1.0000,0.0000,0.0000,0.0000,,0.9836,0.0100,0.0000,0.0064,
591,1.0000,0.0000,0.0000,0.0000,,0.9836,0.0100,0.0000,0.0064,
592,1.0000,0.0000,0.0000,0.0000,,0.9836,0.0100,0.0000,0.0064,
593,1.0000,0.0000,0.0000,0.0000,,0.9836,0.0100,0.0000,0.0064,
594,1.0000,0.0000,0.0000,0.0000,,0.9836,0.0100,0.0000,0.0064,
595,1.0000,0.0000,0.0000,0.0000,,0.9836,0.0100,0.0000,0.0064,
596,1.0000,0.0000,0.0000,0.0000,,0.9836,0.0100,0.0000,0.0064,
597,1.0000,0.0000,0.0000,0.0000,,0.9836,0.0100,0.0000,0.0064,
598,1.0000,0.0000,0.0000,0.0000,,0.9836,0.0100,0.0000,0.0064,
599,1.0000,0.0000,0.0000,0.0000,,0.9836,0.0100,0.0000,0.0064,
600,1.0000,0.0000,0.0000,0.0000,,0.9836,0.0100,0.0000,0.0064,
601,1.0000,0.0000,0.0000,0.0000,,0.9836,0.0100,0.0000,0.0064,
602,1.0000,0.0000,0.0000,0.0000,,0.9835,0.0100,0.0000,0.0064,
603,1.0000,0.0000,0.0000,0.0000,,0.9835,0.0100,0.0000,0.0064,
604,1.0000,0.0000,0.0000,0.0000,,0.9836,0.0100,0.0000,0.0064,
605,1.0000,0.0000,0.0000,0.0000,,0.9836,0.0100,0.0000,0.0065,
606,1.0000,0.0000,0.0000,0.0000,,0.9836,0.0099,0.0000,0.0065,
607,1.0000,0.0000,0.0000,0.0000,,0.9836,0.0099,0.0000,0.0065,
608,1.0000,0.0000,0.0000,0.0000,,0.9836,0.0099,0.0000,0.0065,
609,1.0000,0.0000,0.0000,0.0000,,0.9836,0.0099,0.0000,0.0065,
610,1.0000,0.0000,0.0000,0.0000,,0.9837,0.0098,0.0000,0.0065,
611,1.0000,0.0000,0.0000,0.0000,,0.9837,0.0098,0.0000,0.0065,
612,1.0000,0.0000,0.0000,0.0000,,0.9836,0.0098,0.0000,0.0065,
613,1.0000,0.0000,0.0000,0.0000,,0.9836,0.0098,0.0000,0.0065,
614,1.0000,0.0000,0.0000,0.0000,,0.9836,0.0098,0.0000,0.0065,
615,1.0000,0.0000,0.0000,0.0000,,0.9836,0.0099,0.0000,0.0065,
616,1.0000,0.0000,0.0000,0.0000,,0.9836,0.0099,0.0000,0.0065,
617,1.0000,0.0000,0.0000,0.0000,,0.9836,0.0099,0.0000,0.0065,
618,1.0000,0.0000,0.0000,0.0000,,0.9836,0.0099,0.0000,0.0065,
619,1.0000,0.0000,0.0000,0.0000,,0.9836,0.0099,0.0000,0.0065,
620,1.0000,0.0000,0.0000,0.0000,,0.9836,0.0099,0.0000,0.0065,
621,1.0000,0.0000,0.0000,0.0000,,0.9835,0.0099,0.0000,0.0065,
622,1.0000,0.0000,0.0000,0.0000,,0.9835,0.0099,0.0000,0.0065,
623,1.0000,0.0000,0.0000,0.0000,,0.9835,0.0099,0.0000,0.0065,
624,1.0000,0.0000,0.0000,0.0000,,0.9835,0.0099,0.0000,0.0065,
625,1.0000,0.0000,0.0000,0.0000,,0.9835,0.0100,0.0000,0.0065,
626,1.0000,0.0000,0.0000,0.0000,,0.9835,0.0100,0.0000,0.0065,
627,1.0000,0.0000,0.0000,0.0000,,0.9835,0.0100,0.0000,0.0065,
628,1.0000,0.0000,0.0000,0.0000,,0.9834,0.0100,0.0000,0.0065,
629,1.0000,0.0000,0.0000,0.0000,,0.9834,0.0100,0.0000,0.0065,
630,1.0000,0.0000,0.0000,0.0000,,0.9834,0.0100,0.0000,0.0066,
631,1.0000,0.0000,0.0000,0.0000,,0.9834,0.0100,0.0000,0.0066,
632,1.0000,0.0000,0.0000,0.0000,,0.9834,0.0101,0.0000,0.0066,
633,1.0000,0.0000,0.0000,0.0000,,0.9833,0.0101,0.0000,0.0066,
634,1.0000,0.0000,0.0000,0.0000,,0.9833,0.0101,0.0000,0.0066,
635,1.0000,0.0000,0.0000,0.0000,,0.9833,0.0101,0.0000,0.0066,
636,1.0000,0.0000,0.0000,0.0000,,0.9833,0.0101,0.0000,0.0066,
637,1.0000,0.0000,0.0000,0.0000,,0.9833,0.0102,0.0000,0.0066,
638,1.0000,0.0000,0.0000,0.0000,,0.9832,0.0102,0.0000,0.0066,
639,1.0000,0.0000,0.0000,0.0000,,0.9832,0.0102,0.0000,0.0066,
640,1.0000,0.0000,0.0000,0.0000,,0.9832,0.0102,0.0000,0.0066,
641,1.0000,0.0000,0.0000,0.0000,,0.9832,0.0102,0.0000,0.0066,
642,1.0000,0.0000,0.0000,0.0000,,0.9832,0.0102,0.0000,0.0066,
643,1.0000,0.0000,0.0000,0.0000,,0.9832,0.0102,0.0000,0.0066,
644,1.0000,0.0000,0.0000,0.0000,,0.9832,0.0102,0.0000,0.0066,
645,1.0000,0.0000,0.0000,0.0000,,0.9832,0.0102,0.0000,0.0066,
