0.344295 0.529021 0.067913 0.058770 
0.344662 0.528991 0.067758 0.058589 
0.345030 0.528954 0.067601 0.058414 
0.345408 0.528905 0.067443 0.058243 
0.345804 0.528835 0.067286 0.058075 
0.346222 0.528739 0.067133 0.057906 
0.346654 0.528626 0.066985 0.057735 
0.347085 0.528509 0.066841 0.057566 
0.347505 0.528398 0.066699 0.057398 
0.347913 0.528294 0.066558 0.057234 
0.348316 0.528187 0.066422 0.057075 
0.348713 0.528075 0.066293 0.056919 
0.349103 0.527958 0.066174 0.056765 
0.349489 0.527836 0.066060 0.056615 
0.349879 0.527705 0.065948 0.056468 
0.350285 0.527559 0.065832 0.056324 
0.350718 0.527392 0.065711 0.056179 
0.351177 0.527205 0.065586 0.056032 
0.351649 0.527012 0.065455 0.055883 
0.352114 0.526831 0.065320 0.055735 
0.352555 0.526678 0.065181 0.055586 
0.352964 0.526563 0.065036 0.055437 
0.353349 0.526480 0.064886 0.055286 
0.353725 0.526407 0.064734 0.055133 
0.354100 0.526334 0.064584 0.054982 
0.354456 0.526279 0.064435 0.054830 
0.354771 0.526269 0.064281 0.054679 
0.355037 0.526315 0.064121 0.054528 
0.355265 0.526403 0.063954 0.054378 
0.355473 0.526512 0.063784 0.054231 
0.355674 0.526624 0.063615 0.054087 
0.355873 0.526737 0.063447 0.053943 
0.356071 0.526848 0.063280 0.053801 
0.356268 0.526957 0.063115 0.053660 
0.356454 0.527076 0.062952 0.053518 
0.356614 0.527221 0.062791 0.053373 
0.356739 0.527405 0.062631 0.053224 
0.356827 0.527631 0.062469 0.053073 
0.356889 0.527886 0.062303 0.052921 
0.356947 0.528146 0.062135 0.052772 
0.357012 0.528395 0.061967 0.052626 
0.357078 0.528642 0.061797 0.052482 
0.357133 0.528905 0.061627 0.052336 
0.357167 0.529192 0.061454 0.052187 
0.357184 0.529500 0.061279 0.052036 
0.357198 0.529813 0.061105 0.051884 
0.357218 0.530115 0.060933 0.051733 
0.357246 0.530400 0.060767 0.051586 
0.357279 0.530667 0.060610 0.051444 
0.357315 0.530915 0.060464 0.051306 
0.357354 0.531146 0.060329 0.051171 
0.357393 0.531367 0.060204 0.051035 
0.357434 0.531583 0.060084 0.050899 
0.357475 0.531797 0.059966 0.050763 
0.357507 0.532016 0.059850 0.050627 
0.357528 0.532244 0.059737 0.050491 
0.357540 0.532480 0.059627 0.050353 
0.357548 0.532721 0.059519 0.050211 
0.357565 0.532955 0.059414 0.050066 
0.357597 0.533170 0.059313 0.049920 
0.357637 0.533379 0.059212 0.049772 
0.357668 0.533602 0.059109 0.049622 
0.357679 0.533850 0.059002 0.049468 
0.357666 0.534128 0.058893 0.049313 
0.357631 0.534430 0.058782 0.049156 
0.357587 0.534742 0.058670 0.049001 
0.357548 0.535049 0.058557 0.048846 
0.357527 0.535341 0.058443 0.048689 
0.357526 0.535619 0.058325 0.048530 
0.357539 0.535891 0.058205 0.048365 
0.357561 0.536160 0.058083 0.048196 
0.357589 0.536423 0.057962 0.048025 
0.357623 0.536683 0.057842 0.047853 
0.357668 0.536935 0.057721 0.047676 
0.357731 0.537175 0.057600 0.047494 
0.357812 0.537402 0.057480 0.047306 
0.357901 0.537620 0.057363 0.047117 
0.357992 0.537830 0.057249 0.046929 
0.358083 0.538034 0.057138 0.046745 
0.358175 0.538230 0.057030 0.046565 
0.358273 0.538417 0.056926 0.046384 
0.358383 0.538587 0.056826 0.046204 
0.358510 0.538735 0.056730 0.046024 
0.358640 0.538877 0.056635 0.045847 
0.358753 0.539034 0.056541 0.045672 
0.358838 0.539214 0.056452 0.045496 
0.358899 0.539416 0.056368 0.045318 
0.358953 0.539623 0.056285 0.045139 
0.359010 0.539826 0.056201 0.044963 
0.359062 0.540035 0.056116 0.044787 
0.359093 0.540271 0.056026 0.044610 
0.359097 0.540539 0.055933 0.044431 
0.359083 0.540827 0.055837 0.044253 
0.359061 0.541124 0.055739 0.044076 
0.359039 0.541419 0.055641 0.043901 
0.359023 0.541705 0.055544 0.043728 
0.359014 0.541979 0.055450 0.043556 
0.359008 0.542243 0.055361 0.043388 
0.359001 0.542497 0.055277 0.043225 
0.358998 0.542738 0.055197 0.043067 
0.359011 0.542955 0.055121 0.042912 
0.359049 0.543144 0.055050 0.042757 
0.359102 0.543317 0.054981 0.042599 
0.359160 0.543491 0.054911 0.042438 
0.359217 0.543666 0.054839 0.042278 
0.359274 0.543835 0.054772 0.042119 
0.359331 0.543990 0.054718 0.041961 
0.359393 0.544128 0.054676 0.041803 
0.359459 0.544254 0.054644 0.041643 
0.359529 0.544377 0.054614 0.041479 
0.359609 0.544499 0.054583 0.041310 
0.359706 0.544611 0.054547 0.041136 
0.359831 0.544701 0.054507 0.040961 
0.359984 0.544760 0.054467 0.040790 
0.360150 0.544799 0.054429 0.040622 
0.360310 0.544837 0.054398 0.040455 
0.360452 0.544888 0.054371 0.040289 
0.360582 0.544951 0.054346 0.040120 
0.360707 0.545020 0.054324 0.039949 
0.360827 0.545095 0.054301 0.039777 
0.360940 0.545179 0.054277 0.039604 
0.361043 0.545278 0.054248 0.039431 
0.361138 0.545390 0.054215 0.039257 
0.361230 0.545506 0.054180 0.039083 
0.361323 0.545618 0.054146 0.038913 
0.361417 0.545719 0.054112 0.038751 
0.361508 0.545813 0.054080 0.038599 
0.361589 0.545906 0.054051 0.038454 
0.361653 0.546004 0.054027 0.038316 
0.361695 0.546116 0.054009 0.038180 
0.361719 0.546243 0.053994 0.038044 
0.361745 0.546371 0.053978 0.037907 
0.361786 0.546486 0.053958 0.037770 
0.361825 0.546607 0.053932 0.037635 
0.361826 0.546774 0.053898 0.037502 
0.361771 0.547008 0.053855 0.037366 
0.361667 0.547305 0.053803 0.037225 
0.361533 0.547641 0.053746 0.037080 
0.361389 0.547988 0.053692 0.036931 
0.361245 0.548324 0.053645 0.036786 
0.361101 0.548651 0.053602 0.036646 
0.360938 0.548990 0.053560 0.036513 
0.360750 0.549353 0.053515 0.036381 
0.360542 0.549736 0.053472 0.036250 
0.360320 0.550121 0.053435 0.036124 
0.360088 0.550500 0.053404 0.036008 
0.359845 0.550872 0.053377 0.035906 
0.359595 0.551239 0.053351 0.035814 
0.359347 0.551600 0.053324 0.035729 
0.359106 0.551953 0.053296 0.035645 
0.358875 0.552296 0.053268 0.035561 
0.358653 0.552628 0.053239 0.035479 
0.358441 0.552947 0.053210 0.035402 
0.358236 0.553254 0.053179 0.035331 
0.358043 0.553545 0.053149 0.035264 
0.357865 0.553817 0.053120 0.035198 
0.357702 0.554071 0.053093 0.035134 
0.357547 0.554315 0.053067 0.035070 
0.357391 0.554561 0.053040 0.035009 
0.357224 0.554819 0.053011 0.034947 
0.357046 0.555086 0.052983 0.034884 
0.356864 0.555354 0.052959 0.034823 
0.356669 0.555628 0.052939 0.034764 
0.356460 0.555912 0.052920 0.034708 
0.356244 0.556203 0.052900 0.034652 
0.356015 0.556511 0.052878 0.034595 
0.355758 0.556854 0.052852 0.034536 
0.355468 0.557235 0.052824 0.034474 
0.355153 0.557642 0.052796 0.034409 
0.354824 0.558059 0.052774 0.034344 
0.354495 0.558472 0.052756 0.034277 
0.354170 0.558880 0.052741 0.034209 
0.353843 0.559293 0.052725 0.034139 
0.353511 0.559718 0.052704 0.034067 
0.353167 0.560160 0.052680 0.033993 
0.352814 0.560618 0.052651 0.033916 
0.352463 0.561078 0.052620 0.033840 
0.352125 0.561526 0.052585 0.033763 
0.351807 0.561956 0.052549 0.033689 
0.351500 0.562372 0.052511 0.033616 
0.351199 0.562783 0.052474 0.033545 
0.350903 0.563186 0.052437 0.033474 
0.350612 0.563583 0.052402 0.033404 
0.350327 0.563971 0.052368 0.033334 
0.350050 0.564351 0.052335 0.033264 
0.349778 0.564725 0.052302 0.033195 
0.349505 0.565097 0.052270 0.033128 
0.349227 0.565470 0.052241 0.033063 
0.348942 0.565844 0.052216 0.032999 
0.348650 0.566220 0.052195 0.032935 
0.348354 0.566598 0.052177 0.032871 
0.348062 0.566971 0.052161 0.032806 
0.347782 0.567334 0.052143 0.032741 
0.347519 0.567686 0.052121 0.032674 
0.347279 0.568019 0.052096 0.032606 
0.347067 0.568327 0.052066 0.032540 
0.346887 0.568602 0.052033 0.032477 
0.346734 0.568847 0.052003 0.032415 
0.346594 0.569073 0.051979 0.032353 
0.346457 0.569286 0.051965 0.032293 
0.346324 0.569483 0.051958 0.032236 
0.346193 0.569670 0.051955 0.032181 
0.346059 0.569863 0.051951 0.032127 
0.345918 0.570070 0.051943 0.032070 
0.345774 0.570286 0.051931 0.032009 
0.345636 0.570501 0.051918 0.031945 
0.345509 0.570706 0.051905 0.031880 
0.345392 0.570902 0.051891 0.031816 
0.345281 0.571093 0.051875 0.031750 
0.345177 0.571280 0.051858 0.031685 
0.345076 0.571463 0.051840 0.031620 
0.344970 0.571651 0.051824 0.031554 
0.344855 0.571850 0.051808 0.031487 
0.344736 0.572052 0.051792 0.031419 
0.344628 0.572239 0.051780 0.031353 
0.344542 0.572397 0.051774 0.031286 
0.344485 0.572522 0.051774 0.031219 
0.344456 0.572617 0.051775 0.031152 
0.344453 0.572688 0.051773 0.031085 
0.344467 0.572743 0.051770 0.031020 
0.344494 0.572785 0.051767 0.030954 
0.344530 0.572816 0.051765 0.030889 
0.344571 0.572839 0.051765 0.030825 
0.344611 0.572859 0.051767 0.030763 
0.344648 0.572877 0.051772 0.030704 
0.344686 0.572889 0.051779 0.030646 
0.344730 0.572897 0.051785 0.030588 
0.344784 0.572900 0.051786 0.030530 
0.344857 0.572887 0.051784 0.030472 
0.344951 0.572850 0.051785 0.030414 
0.345064 0.572790 0.051789 0.030356 
0.345182 0.572724 0.051796 0.030298 
0.345295 0.572665 0.051802 0.030238 
0.345402 0.572614 0.051805 0.030179 
0.345505 0.572569 0.051807 0.030119 
0.345607 0.572531 0.051806 0.030057 
0.345710 0.572494 0.051802 0.029994 
0.345815 0.572458 0.051798 0.029929 
0.345910 0.572434 0.051792 0.029864 
0.345983 0.572435 0.051784 0.029799 
0.346029 0.572463 0.051775 0.029733 
0.346056 0.572508 0.051768 0.029668 
0.346079 0.572555 0.051763 0.029603 
0.346109 0.572595 0.051758 0.029538 
0.346151 0.572623 0.051751 0.029474 
0.346214 0.572633 0.051743 0.029410 
0.346300 0.572620 0.051735 0.029345 
0.346405 0.572588 0.051729 0.029279 
0.346516 0.572550 0.051725 0.029209 
0.346626 0.572517 0.051719 0.029138 
0.346732 0.572494 0.051708 0.029066 
0.346842 0.572472 0.051692 0.028994 
0.346960 0.572443 0.051672 0.028924 
0.347085 0.572408 0.051653 0.028854 
0.347214 0.572371 0.051631 0.028783 
0.347353 0.572334 0.051604 0.028709 
0.347508 0.572290 0.051571 0.028632 
0.347690 0.572228 0.051531 0.028550 
0.347912 0.572131 0.051490 0.028467 
0.348181 0.571988 0.051450 0.028381 
0.348483 0.571809 0.051414 0.028294 
0.348794 0.571620 0.051382 0.028205 
0.349096 0.571439 0.051352 0.028114 
0.349389 0.571267 0.051323 0.028021 
0.349685 0.571093 0.051295 0.027927 
0.349995 0.570901 0.051271 0.027832 
0.350323 0.570686 0.051254 0.027737 
0.350666 0.570453 0.051242 0.027639 
0.351016 0.570211 0.051233 0.027540 
0.351368 0.569966 0.051225 0.027442 
0.351717 0.569717 0.051221 0.027345 
0.352063 0.569463 0.051222 0.027252 
0.352406 0.569205 0.051226 0.027162 
0.352749 0.568947 0.051229 0.027076 
0.353093 0.568690 0.051227 0.026990 
0.353445 0.568433 0.051219 0.026903 
0.353815 0.568166 0.051205 0.026814 
0.354209 0.567880 0.051189 0.026722 
0.354621 0.567573 0.051173 0.026632 
0.355036 0.567260 0.051159 0.026545 
0.355446 0.566950 0.051142 0.026462 
0.355860 0.566644 0.051115 0.026381 
0.356290 0.566332 0.051079 0.026299 
0.356743 0.566006 0.051034 0.026217 
0.357217 0.565665 0.050985 0.026132 
0.357711 0.565308 0.050934 0.026047 
0.358218 0.564939 0.050883 0.025959 
0.358724 0.564573 0.050832 0.025871 
0.359221 0.564219 0.050779 0.025781 
0.359708 0.563875 0.050726 0.025691 
0.360190 0.563536 0.050672 0.025601 
0.360671 0.563199 0.050619 0.025512 
0.361142 0.562872 0.050563 0.025423 
0.361592 0.562572 0.050502 0.025335 
0.362011 0.562308 0.050434 0.025247 
0.362405 0.562074 0.050361 0.025161 
0.362783 0.561853 0.050287 0.025077 
0.363150 0.561635 0.050220 0.024995 
0.363504 0.561419 0.050163 0.024914 
0.363846 0.561204 0.050117 0.024833 
0.364177 0.560989 0.050075 0.024758 
0.364501 0.560775 0.050035 0.024689 
0.364809 0.560573 0.049993 0.024625 
0.365090 0.560400 0.049949 0.024561 
0.365342 0.560262 0.049903 0.024494 
0.365569 0.560153 0.049854 0.024424 
0.365782 0.560060 0.049806 0.024353 
0.365987 0.559971 0.049761 0.024281 
0.366195 0.559877 0.049718 0.024211 
0.366422 0.559763 0.049675 0.024140 
0.366684 0.559619 0.049630 0.024067 
0.366984 0.559444 0.049579 0.023992 
0.367302 0.559257 0.049525 0.023916 
0.367605 0.559086 0.049468 0.023841 
0.367874 0.558946 0.049412 0.023768 
0.368126 0.558815 0.049359 0.023700 
0.368386 0.558673 0.049306 0.023635 
0.368647 0.558529 0.049252 0.023572 
0.368894 0.558401 0.049195 0.023510 
0.369117 0.558293 0.049135 0.023455 
0.369313 0.558208 0.049074 0.023405 
0.369481 0.558152 0.049010 0.023357 
0.369625 0.558121 0.048946 0.023308 
0.369757 0.558102 0.048883 0.023258 
0.369884 0.558087 0.048822 0.023207 
0.370010 0.558074 0.048761 0.023155 
0.370137 0.558059 0.048700 0.023105 
0.370261 0.558043 0.048641 0.023055 
0.370379 0.558031 0.048586 0.023005 
0.370489 0.558023 0.048533 0.022955 
0.370600 0.558012 0.048481 0.022907 
0.370708 0.558002 0.048427 0.022863 
0.370802 0.558007 0.048371 0.022819 
0.370871 0.558041 0.048313 0.022776 
0.370905 0.558112 0.048253 0.022729 
0.370903 0.558224 0.048193 0.022680 
0.370880 0.558359 0.048132 0.022629 
0.370852 0.558500 0.048069 0.022578 
0.370804 0.558665 0.048006 0.022525 
0.370716 0.558869 0.047944 0.022471 
0.370595 0.559104 0.047888 0.022414 
0.370464 0.559342 0.047838 0.022356 
0.370346 0.559562 0.047793 0.022298 
0.370255 0.559752 0.047753 0.022240 
0.370191 0.559915 0.047714 0.022180 
0.370139 0.560066 0.047674 0.022120 
0.370087 0.560221 0.047634 0.022059 
0.370026 0.560383 0.047594 0.021997 
0.369963 0.560549 0.047555 0.021934 
0.369904 0.560711 0.047514 0.021871 
0.369853 0.560868 0.047471 0.021808 
0.369809 0.561020 0.047426 0.021746 
0.369772 0.561166 0.047379 0.021683 
0.369745 0.561302 0.047333 0.021620 
0.369730 0.561424 0.047290 0.021557 
0.369726 0.561526 0.047251 0.021496 
0.369734 0.561609 0.047219 0.021438 
0.369749 0.561676 0.047191 0.021384 
0.369770 0.561731 0.047167 0.021333 
0.369797 0.561774 0.047146 0.021283 
0.369838 0.561800 0.047126 0.021236 
0.369899 0.561804 0.047107 0.021190 
0.369976 0.561793 0.047087 0.021144 
0.370057 0.561781 0.047065 0.021096 
0.370133 0.561782 0.047039 0.021047 
0.370208 0.561786 0.047011 0.020995 
0.370287 0.561788 0.046983 0.020942 
0.370359 0.561793 0.046959 0.020889 
0.370418 0.561810 0.046935 0.020837 
0.370474 0.561829 0.046911 0.020786 
0.370546 0.561833 0.046882 0.020739 
0.370646 0.561809 0.046849 0.020695 
0.370774 0.561757 0.046813 0.020656 
0.370925 0.561682 0.046773 0.020620 
0.371088 0.561592 0.046730 0.020590 
0.371259 0.561493 0.046686 0.020563 
0.371433 0.561389 0.046641 0.020537 
0.371607 0.561283 0.046597 0.020513 
0.371778 0.561180 0.046553 0.020490 
0.371942 0.561082 0.046508 0.020468 
0.372101 0.560990 0.046464 0.020446 
0.372262 0.560896 0.046419 0.020422 
0.372434 0.560796 0.046375 0.020395 
0.372617 0.560688 0.046329 0.020366 
0.372807 0.560577 0.046283 0.020333 
0.373007 0.560461 0.046234 0.020298 
0.373209 0.560345 0.046185 0.020261 
0.373389 0.560252 0.046137 0.020222 
0.373539 0.560190 0.046091 0.020181 
0.373672 0.560144 0.046047 0.020137 
0.373811 0.560089 0.046006 0.020093 
0.373975 0.560007 0.045970 0.020048 
0.374163 0.559898 0.045935 0.020003 
0.374362 0.559778 0.045902 0.019959 
0.374559 0.559656 0.045868 0.019917 
0.374759 0.559528 0.045836 0.019878 
0.374968 0.559386 0.045806 0.019840 
0.375188 0.559230 0.045779 0.019804 
0.375414 0.559067 0.045753 0.019767 
0.375642 0.558902 0.045726 0.019730 
0.375872 0.558736 0.045700 0.019692 
0.376099 0.558572 0.045673 0.019655 
0.376320 0.558412 0.045648 0.019619 
0.376534 0.558258 0.045624 0.019583 
0.376744 0.558105 0.045602 0.019549 
0.376960 0.557944 0.045582 0.019515 
0.377186 0.557770 0.045561 0.019483 
0.377420 0.557586 0.045541 0.019454 
0.377650 0.557398 0.045523 0.019428 
0.377871 0.557213 0.045511 0.019406 
0.378082 0.557030 0.045502 0.019386 
0.378288 0.556849 0.045496 0.019368 
0.378495 0.556667 0.045489 0.019350 
0.378702 0.556480 0.045482 0.019336 
0.378908 0.556287 0.045479 0.019327 
0.379117 0.556085 0.045476 0.019323 
0.379337 0.555869 0.045472 0.019322 
0.379577 0.555635 0.045466 0.019322 
0.379833 0.555385 0.045460 0.019322 
0.380094 0.555132 0.045452 0.019322 
0.380359 0.554876 0.045443 0.019322 
0.380634 0.554612 0.045433 0.019322 
0.380916 0.554342 0.045420 0.019322 
0.381200 0.554072 0.045406 0.019321 
0.381481 0.553806 0.045392 0.019321 
0.381758 0.553543 0.045379 0.019320 
0.382029 0.553286 0.045368 0.019318 
0.382292 0.553036 0.045360 0.019312 
0.382545 0.552794 0.045356 0.019304 
0.382790 0.552561 0.045354 0.019295 
0.383030 0.552333 0.045351 0.019286 
0.383269 0.552104 0.045348 0.019278 
0.383505 0.551877 0.045346 0.019273 
0.383734 0.551652 0.045346 0.019268 
0.383957 0.551431 0.045350 0.019262 
0.384175 0.551215 0.045355 0.019256 
0.384391 0.551002 0.045360 0.019247 
0.384613 0.550786 0.045363 0.019238 
0.384847 0.550561 0.045364 0.019228 
0.385093 0.550327 0.045363 0.019217 
0.385341 0.550093 0.045359 0.019206 
0.385583 0.549866 0.045355 0.019196 
0.385814 0.549650 0.045351 0.019185 
0.386034 0.549444 0.045348 0.019174 
0.386250 0.549244 0.045344 0.019162 
0.386468 0.549043 0.045339 0.019150 
0.386690 0.548840 0.045335 0.019135 
0.386923 0.548626 0.045332 0.019120 
0.387170 0.548394 0.045332 0.019104 
0.387425 0.548151 0.045335 0.019089 
0.387680 0.547904 0.045341 0.019074 
0.387941 0.547653 0.045347 0.019059 
0.388215 0.547389 0.045354 0.019042 
0.388508 0.547105 0.045363 0.019024 
0.388818 0.546801 0.045376 0.019005 
0.389136 0.546486 0.045394 0.018984 
0.389454 0.546167 0.045416 0.018962 
0.389779 0.545843 0.045438 0.018940 
0.390109 0.545516 0.045459 0.018917 
0.390437 0.545192 0.045477 0.018894 
0.390757 0.544875 0.045494 0.018873 
0.391072 0.544564 0.045511 0.018854 
0.391381 0.544256 0.045528 0.018834 
0.391686 0.543953 0.045546 0.018815 
0.391988 0.543653 0.045564 0.018795 
0.392288 0.543355 0.045583 0.018774 
0.392591 0.543054 0.045601 0.018753 
0.392900 0.542749 0.045618 0.018733 
0.393215 0.542440 0.045633 0.018712 
0.393530 0.542132 0.045647 0.018691 
0.393842 0.541826 0.045661 0.018671 
0.394150 0.541524 0.045674 0.018653 
0.394448 0.541231 0.045684 0.018637 
0.394735 0.540954 0.045691 0.018620 
0.395009 0.540691 0.045696 0.018603 
0.395281 0.540432 0.045703 0.018585 
0.395553 0.540169 0.045712 0.018566 
0.395819 0.539912 0.045723 0.018546 
0.396077 0.539666 0.045732 0.018524 
0.396336 0.539424 0.045739 0.018501 
0.396604 0.539173 0.045745 0.018479 
0.396877 0.538908 0.045756 0.018459 
0.397151 0.538631 0.045773 0.018445 
0.397432 0.538338 0.045796 0.018435 
0.397726 0.538027 0.045821 0.018426 
0.398030 0.537706 0.045847 0.018417 
0.398336 0.537380 0.045875 0.018408 
0.398650 0.537043 0.045908 0.018399 
0.398982 0.536683 0.045944 0.018391 
0.399341 0.536296 0.045982 0.018381 
0.399721 0.535887 0.046022 0.018371 
0.400110 0.535466 0.046063 0.018360 
0.400498 0.535046 0.046104 0.018352 
0.400881 0.534628 0.046145 0.018346 
0.401269 0.534204 0.046184 0.018343 
0.401669 0.533766 0.046222 0.018342 
0.402081 0.533317 0.046258 0.018344 
0.402500 0.532862 0.046293 0.018345 
0.402921 0.532405 0.046329 0.018346 
0.403338 0.531950 0.046365 0.018347 
0.403749 0.531504 0.046400 0.018346 
0.404153 0.531067 0.046435 0.018346 
0.404551 0.530634 0.046469 0.018346 
0.404944 0.530204 0.046503 0.018350 
0.405331 0.529777 0.046536 0.018356 
0.405712 0.529355 0.046569 0.018364 
0.406089 0.528939 0.046600 0.018372 
0.406463 0.528526 0.046631 0.018381 
0.406837 0.528111 0.046661 0.018390 
0.407212 0.527697 0.046691 0.018401 
0.407585 0.527283 0.046721 0.018411 
0.407955 0.526872 0.046752 0.018421 
0.408320 0.526465 0.046784 0.018432 
0.408676 0.526066 0.046815 0.018443 
0.409022 0.525678 0.046846 0.018453 
0.409360 0.525297 0.046878 0.018465 
0.409696 0.524917 0.046910 0.018477 
0.410031 0.524536 0.046944 0.018489 
0.410367 0.524153 0.046978 0.018501 
0.410702 0.523770 0.047014 0.018515 
0.411037 0.523385 0.047049 0.018529 
0.411377 0.522997 0.047083 0.018543 
0.411723 0.522604 0.047116 0.018556 
0.412074 0.522207 0.047149 0.018570 
0.412422 0.521813 0.047181 0.018584 
0.412758 0.521430 0.047212 0.018601 
0.413084 0.521057 0.047241 0.018618 
0.413409 0.520683 0.047272 0.018636 
0.413735 0.520307 0.047304 0.018654 
0.414062 0.519929 0.047338 0.018671 
0.414389 0.519548 0.047375 0.018688 
0.414723 0.519158 0.047416 0.018704 
0.415067 0.518753 0.047461 0.018720 
0.415424 0.518334 0.047507 0.018735 
0.415792 0.517906 0.047554 0.018749 
0.416163 0.517474 0.047600 0.018763 
0.416532 0.517043 0.047645 0.018779 
0.416900 0.516614 0.047691 0.018795 
0.417263 0.516189 0.047738 0.018810 
0.417626 0.515767 0.047784 0.018824 
0.417994 0.515341 0.047827 0.018837 
0.418373 0.514909 0.047867 0.018851 
0.418761 0.514468 0.047906 0.018864 
0.419151 0.514025 0.047946 0.018878 
0.419535 0.513587 0.047985 0.018892 
0.419915 0.513152 0.048026 0.018907 
0.420289 0.512721 0.048069 0.018922 
0.420647 0.512305 0.048113 0.018936 
0.420980 0.511915 0.048158 0.018947 
0.421291 0.511549 0.048204 0.018956 
0.421593 0.511193 0.048250 0.018964 
0.421900 0.510834 0.048294 0.018972 
0.422202 0.510485 0.048335 0.018978 
0.422471 0.510173 0.048374 0.018981 
0.422693 0.509911 0.048414 0.018982 
0.422875 0.509690 0.048455 0.018980 
0.423036 0.509486 0.048501 0.018976 
0.423194 0.509282 0.048553 0.018971 
0.423356 0.509069 0.048611 0.018965 
0.423516 0.508853 0.048673 0.018958 
0.423671 0.508640 0.048738 0.018952 
0.423817 0.508433 0.048804 0.018946 
0.423955 0.508236 0.048869 0.018939 
0.424084 0.508049 0.048934 0.018933 
0.424206 0.507866 0.049000 0.018928 
0.424325 0.507682 0.049068 0.018925 
0.424445 0.507493 0.049138 0.018924 
0.424563 0.507303 0.049209 0.018924 
0.424678 0.507115 0.049282 0.018924 
0.424792 0.506927 0.049355 0.018926 
0.424905 0.506740 0.049427 0.018929 
0.425010 0.506562 0.049495 0.018933 
0.425101 0.506400 0.049561 0.018939 
0.425177 0.506256 0.049623 0.018944 
0.425242 0.506124 0.049683 0.018950 
0.425306 0.505997 0.049742 0.018955 
0.425370 0.505869 0.049800 0.018960 
0.425434 0.505745 0.049856 0.018965 
0.425499 0.505622 0.049910 0.018968 
0.425568 0.505500 0.049962 0.018970 
0.425647 0.505373 0.050010 0.018970 
0.425736 0.505238 0.050056 0.018970 
0.425834 0.505096 0.050101 0.018969 
0.425934 0.504951 0.050146 0.018969 
0.426028 0.504810 0.050190 0.018972 
0.426111 0.504679 0.050233 0.018976 
0.426186 0.504557 0.050276 0.018981 
0.426258 0.504437 0.050319 0.018987 
0.426332 0.504313 0.050363 0.018993 
0.426411 0.504182 0.050409 0.018998 
0.426505 0.504034 0.050458 0.019003 
0.426619 0.503865 0.050509 0.019006 
0.426756 0.503676 0.050559 0.019009 
0.426910 0.503471 0.050608 0.019011 
0.427069 0.503261 0.050658 0.019012 
0.427226 0.503049 0.050712 0.019013 
0.427386 0.502830 0.050770 0.019014 
0.427555 0.502601 0.050830 0.019014 
0.427732 0.502363 0.050889 0.019015 
0.427912 0.502123 0.050947 0.019018 
0.428085 0.501887 0.051006 0.019022 
0.428257 0.501651 0.051066 0.019027 
0.428434 0.501407 0.051126 0.019033 
0.428617 0.501159 0.051186 0.019038 
0.428799 0.500912 0.051246 0.019044 
0.428982 0.500665 0.051305 0.019048 
0.429174 0.500407 0.051367 0.019052 
0.429381 0.500133 0.051432 0.019054 
0.429601 0.499845 0.051500 0.019054 
0.429827 0.499551 0.051568 0.019054 
0.430058 0.499254 0.051636 0.019052 
0.430299 0.498950 0.051701 0.019050 
0.430552 0.498635 0.051766 0.019047 
0.430815 0.498308 0.051831 0.019046 
0.431078 0.497976 0.051897 0.019048 
0.431335 0.497649 0.051964 0.019052 
0.431588 0.497324 0.052031 0.019057 
0.431838 0.497005 0.052096 0.019061 
0.432072 0.496705 0.052159 0.019064 
0.432279 0.496435 0.052221 0.019065 
0.432468 0.496184 0.052284 0.019064 
0.432652 0.495938 0.052348 0.019063 
0.432825 0.495704 0.052411 0.019060 
0.432975 0.495496 0.052472 0.019057 
0.433105 0.495312 0.052530 0.019054 
0.433227 0.495135 0.052586 0.019052 
0.433350 0.494953 0.052642 0.019054 
0.433482 0.494761 0.052698 0.019059 
0.433626 0.494555 0.052755 0.019064 
0.433785 0.494334 0.052813 0.019069 
0.433958 0.494098 0.052870 0.019074 
0.434142 0.493852 0.052926 0.019080 
0.434327 0.493606 0.052981 0.019087 
0.434506 0.493366 0.053033 0.019094 
0.434681 0.493132 0.053085 0.019101 
0.434848 0.492907 0.053138 0.019108 
0.434996 0.492702 0.053189 0.019113 
0.435126 0.492517 0.053239 0.019118 
0.435253 0.492335 0.053288 0.019124 
0.435387 0.492144 0.053339 0.019130 
0.435525 0.491948 0.053392 0.019135 
0.435656 0.491758 0.053445 0.019141 
0.435774 0.491580 0.053498 0.019147 
0.435877 0.491417 0.053551 0.019155 
0.435972 0.491262 0.053604 0.019162 
0.436065 0.491110 0.053657 0.019168 
0.436156 0.490961 0.053710 0.019173 
0.436238 0.490822 0.053763 0.019178 
0.436303 0.490698 0.053815 0.019183 
0.436350 0.490593 0.053868 0.019190 
0.436378 0.490504 0.053921 0.019197 
0.436394 0.490429 0.053973 0.019204 
0.436403 0.490361 0.054025 0.019211 
0.436406 0.490301 0.054076 0.019217 
0.436400 0.490250 0.054125 0.019225 
0.436389 0.490205 0.054172 0.019235 
0.436383 0.490155 0.054216 0.019246 
0.436394 0.490090 0.054258 0.019258 
0.436429 0.490004 0.054299 0.019268 
0.436484 0.489898 0.054340 0.019278 
0.436552 0.489780 0.054381 0.019287 
0.436625 0.489657 0.054422 0.019296 
0.436707 0.489527 0.054462 0.019304 
0.436802 0.489388 0.054500 0.019310 
0.436911 0.489236 0.054537 0.019316 
0.437032 0.489071 0.054575 0.019322 
0.437161 0.488899 0.054612 0.019328 
0.437294 0.488723 0.054650 0.019333 
0.437428 0.488544 0.054689 0.019339 
0.437560 0.488367 0.054728 0.019345 
0.437688 0.488190 0.054770 0.019352 
0.437815 0.488011 0.054816 0.019358 
0.437951 0.487821 0.054866 0.019362 
0.438104 0.487613 0.054919 0.019365 
0.438271 0.487390 0.054972 0.019367 
0.438444 0.487163 0.055024 0.019369 
0.438622 0.486931 0.055075 0.019372 
0.438813 0.486689 0.055124 0.019374 
0.439027 0.486429 0.055170 0.019374 
0.439266 0.486148 0.055213 0.019372 
0.439525 0.485850 0.055253 0.019371 
0.439787 0.485550 0.055292 0.019371 
0.440035 0.485264 0.055329 0.019372 
0.440267 0.484993 0.055366 0.019374 
0.440492 0.484727 0.055404 0.019377 
0.440724 0.484455 0.055440 0.019381 
0.440971 0.484170 0.055475 0.019384 
0.441233 0.483873 0.055508 0.019387 
0.441507 0.483565 0.055539 0.019389 
0.441789 0.483250 0.055571 0.019390 
0.442077 0.482931 0.055602 0.019390 
0.442367 0.482611 0.055632 0.019390 
0.442658 0.482290 0.055662 0.019390 
0.442946 0.481971 0.055691 0.019392 
0.443233 0.481650 0.055720 0.019397 
0.443523 0.481323 0.055748 0.019405 
0.443819 0.480989 0.055774 0.019418 
0.444116 0.480655 0.055796 0.019433 
0.444402 0.480337 0.055813 0.019447 
0.444670 0.480045 0.055824 0.019460 
0.444919 0.479777 0.055831 0.019473 
0.445155 0.479522 0.055835 0.019488 
0.445380 0.479277 0.055836 0.019507 
0.445593 0.479048 0.055831 0.019527 
0.445796 0.478837 0.055818 0.019548 
0.446000 0.478635 0.055797 0.019569 
0.446214 0.478429 0.055768 0.019589 
0.446441 0.478213 0.055736 0.019610 
0.446675 0.477990 0.055704 0.019631 
0.446905 0.477772 0.055671 0.019652 
0.447126 0.477565 0.055637 0.019672 
0.447342 0.477366 0.055600 0.019691 
0.447557 0.477170 0.055563 0.019711 
0.447770 0.476972 0.055523 0.019734 
0.447985 0.476773 0.055481 0.019760 
0.448199 0.476576 0.055436 0.019789 
0.448408 0.476384 0.055389 0.019819 
0.448613 0.476197 0.055342 0.019849 
0.448823 0.476002 0.055296 0.019879 
0.449042 0.475793 0.055252 0.019913 
0.449266 0.475576 0.055211 0.019948 
0.449485 0.475362 0.055170 0.019983 
0.449693 0.475161 0.055129 0.020017 
0.449893 0.474969 0.055087 0.020052 
0.450095 0.474773 0.055045 0.020087 
0.450307 0.474565 0.055004 0.020124 
0.450529 0.474347 0.054963 0.020161 
0.450749 0.474131 0.054920 0.020199 
0.450961 0.473924 0.054877 0.020238 
0.451170 0.473720 0.054834 0.020275 
0.451381 0.473517 0.054790 0.020312 
0.451584 0.473324 0.054744 0.020347 
0.451770 0.473154 0.054695 0.020381 
0.451939 0.473003 0.054644 0.020413 
0.452102 0.472859 0.054594 0.020445 
0.452267 0.472712 0.054542 0.020479 
0.452435 0.472564 0.054489 0.020512 
0.452608 0.472412 0.054435 0.020545 
0.452785 0.472259 0.054380 0.020576 
0.452962 0.472109 0.054324 0.020606 
0.453135 0.471962 0.054267 0.020636 
0.453311 0.471814 0.054210 0.020665 
0.453496 0.471658 0.054152 0.020694 
0.453694 0.471490 0.054094 0.020722 
0.453899 0.471316 0.054036 0.020749 
0.454097 0.471151 0.053977 0.020774 
0.454276 0.471010 0.053917 0.020797 
0.454430 0.470898 0.053853 0.020819 
0.454563 0.470812 0.053785 0.020840 
0.454682 0.470740 0.053717 0.020861 
0.454793 0.470678 0.053649 0.020880 
0.454888 0.470633 0.053581 0.020898 
0.454961 0.470613 0.053512 0.020914 
0.455013 0.470617 0.053442 0.020929 
0.455052 0.470635 0.053370 0.020942 
0.455087 0.470660 0.053299 0.020955 
0.455110 0.470695 0.053227 0.020967 
0.455112 0.470753 0.053156 0.020978 
0.455093 0.470831 0.053088 0.020988 
0.455065 0.470915 0.053022 0.020997 
0.455037 0.470997 0.052961 0.021006 
0.455000 0.471086 0.052900 0.021014 
0.454945 0.471197 0.052839 0.021020 
0.454873 0.471328 0.052775 0.021024 
0.454791 0.471472 0.052710 0.021027 
0.454703 0.471624 0.052644 0.021029 
0.454610 0.471783 0.052577 0.021031 
0.454513 0.471944 0.052511 0.021032 
0.454417 0.472104 0.052445 0.021034 
0.454322 0.472260 0.052381 0.021037 
0.454231 0.472412 0.052316 0.021041 
0.454143 0.472557 0.052253 0.021047 
0.454060 0.472696 0.052190 0.021054 
0.453989 0.472822 0.052127 0.021062 
0.453940 0.472927 0.052063 0.021070 
0.453907 0.473017 0.051999 0.021077 
0.453877 0.473102 0.051937 0.021084 
0.453842 0.473188 0.051878 0.021092 
0.453799 0.473277 0.051822 0.021102 
0.453746 0.473375 0.051765 0.021113 
0.453689 0.473477 0.051711 0.021123 
0.453644 0.473564 0.051661 0.021130 
0.453624 0.473624 0.051617 0.021135 
0.453632 0.473653 0.051578 0.021137 
0.453662 0.473658 0.051541 0.021139 
0.453707 0.473649 0.051505 0.021139 
0.453758 0.473633 0.051471 0.021139 
0.453814 0.473610 0.051439 0.021137 
0.453878 0.473580 0.051408 0.021135 
0.453952 0.473540 0.051377 0.021131 
0.454034 0.473496 0.051345 0.021126 
0.454115 0.473455 0.051312 0.021119 
0.454184 0.473428 0.051279 0.021109 
0.454232 0.473424 0.051246 0.021098 
0.454261 0.473440 0.051212 0.021087 
0.454274 0.473470 0.051178 0.021078 
0.454280 0.473506 0.051145 0.021070 
0.454287 0.473540 0.051112 0.021062 
0.454294 0.473575 0.051078 0.021053 
0.454289 0.473627 0.051040 0.021043 
0.454265 0.473706 0.050999 0.021030 
0.454226 0.473803 0.050955 0.021017 
0.454181 0.473908 0.050910 0.021002 
0.454122 0.474030 0.050861 0.020987 
0.454043 0.474177 0.050810 0.020970 
0.453951 0.474341 0.050755 0.020952 
0.453857 0.474510 0.050699 0.020934 
0.453748 0.474696 0.050643 0.020913 
0.453612 0.474911 0.050585 0.020891 
0.453450 0.475156 0.050527 0.020866 
0.453270 0.475420 0.050469 0.020841 
0.453081 0.475690 0.050411 0.020818 
0.452893 0.475957 0.050352 0.020798 
0.452712 0.476216 0.050293 0.020779 
0.452534 0.476473 0.050233 0.020760 
0.452350 0.476736 0.050173 0.020741 
0.452158 0.477007 0.050113 0.020722 
0.451959 0.477286 0.050053 0.020702 
0.451760 0.477565 0.049993 0.020682 
0.451563 0.477841 0.049933 0.020662 
0.451369 0.478116 0.049874 0.020642 
0.451174 0.478391 0.049814 0.020621 
0.450981 0.478665 0.049754 0.020600 
0.450791 0.478937 0.049695 0.020577 
0.450598 0.479212 0.049635 0.020554 
0.450392 0.479502 0.049575 0.020531 
0.450165 0.479814 0.049515 0.020505 
0.449921 0.480146 0.049454 0.020479 
0.449665 0.480492 0.049392 0.020451 
0.449400 0.480849 0.049329 0.020422 
0.449129 0.481213 0.049265 0.020392 
0.448857 0.481579 0.049200 0.020363 
0.448584 0.481947 0.049135 0.020334 
0.448303 0.482324 0.049069 0.020303 
0.448015 0.482712 0.049002 0.020271 
0.447723 0.483106 0.048933 0.020239 
0.447430 0.483501 0.048864 0.020205 
0.447138 0.483893 0.048796 0.020172 
0.446844 0.484287 0.048729 0.020140 
0.446542 0.484688 0.048662 0.020109 
0.446230 0.485098 0.048595 0.020077 
0.445911 0.485517 0.048527 0.020045 
0.445593 0.485936 0.048460 0.020012 
0.445283 0.486347 0.048392 0.019977 
0.444977 0.486757 0.048324 0.019942 
0.444668 0.487172 0.048255 0.019905 
0.444346 0.487601 0.048187 0.019866 
0.444006 0.488049 0.048119 0.019826 
0.443645 0.488519 0.048051 0.019784 
0.443268 0.489005 0.047984 0.019744 
0.442888 0.489492 0.047916 0.019704 
0.442511 0.489975 0.047850 0.019665 
0.442133 0.490455 0.047785 0.019627 
0.441755 0.490935 0.047722 0.019589 
0.441379 0.491412 0.047661 0.019549 
0.441007 0.491882 0.047601 0.019510 
0.440641 0.492345 0.047542 0.019471 
0.440279 0.492805 0.047483 0.019433 
0.439914 0.493269 0.047421 0.019396 
0.439547 0.493736 0.047357 0.019360 
0.439186 0.494197 0.047292 0.019325 
0.438840 0.494645 0.047224 0.019290 
0.438512 0.495077 0.047156 0.019255 
0.438188 0.495506 0.047086 0.019220 
0.437865 0.495938 0.047014 0.019184 
0.437550 0.496365 0.046939 0.019147 
0.437255 0.496776 0.046861 0.019108 
0.436982 0.497169 0.046780 0.019068 
0.436721 0.497553 0.046698 0.019028 
0.436460 0.497937 0.046615 0.018988 
0.436194 0.498323 0.046532 0.018950 
0.435922 0.498713 0.046450 0.018916 
0.435643 0.499106 0.046367 0.018884 
0.435366 0.499497 0.046285 0.018852 
0.435091 0.499883 0.046205 0.018821 
0.434818 0.500267 0.046125 0.018789 
0.434551 0.500646 0.046046 0.018757 
0.434295 0.501015 0.045967 0.018724 
0.434042 0.501382 0.045886 0.018689 
0.433781 0.501762 0.045804 0.018653 
0.433505 0.502160 0.045719 0.018616 
0.433221 0.502568 0.045633 0.018579 
0.432943 0.502970 0.045546 0.018540 
0.432679 0.503360 0.045460 0.018501 
0.432432 0.503733 0.045374 0.018461 
0.432204 0.504086 0.045289 0.018421 
0.431998 0.504420 0.045202 0.018379 
0.431814 0.504734 0.045114 0.018337 
0.431638 0.505040 0.045027 0.018295 
0.431450 0.505358 0.044940 0.018251 
0.431246 0.505693 0.044854 0.018207 
0.431038 0.506035 0.044767 0.018161 
0.430827 0.506383 0.044678 0.018112 
0.430613 0.506738 0.044586 0.018063 
0.430402 0.507089 0.044494 0.018015 
0.430203 0.507429 0.044402 0.017967 
0.430000 0.507774 0.044308 0.017918 
0.429776 0.508143 0.044211 0.017870 
0.429532 0.508535 0.044113 0.017820 
0.429289 0.508927 0.044014 0.017769 
0.429061 0.509306 0.043916 0.017717 
0.428848 0.509669 0.043818 0.017665 
0.428643 0.510022 0.043723 0.017613 
0.428441 0.510367 0.043632 0.017561 
0.428251 0.510695 0.043544 0.017510 
0.428082 0.510997 0.043459 0.017462 
0.427927 0.511283 0.043372 0.017419 
0.427767 0.511569 0.043284 0.017380 
0.427590 0.511868 0.043199 0.017344 
0.427403 0.512175 0.043115 0.017307 
0.427227 0.512470 0.043033 0.017270 
0.427075 0.512738 0.042951 0.017236 
0.426945 0.512982 0.042869 0.017205 
0.426823 0.513214 0.042787 0.017177 
0.426699 0.513442 0.042709 0.017151 
0.426575 0.513666 0.042633 0.017126 
0.426454 0.513883 0.042560 0.017103 
0.426338 0.514094 0.042488 0.017081 
0.426223 0.514301 0.042416 0.017060 
0.426106 0.514511 0.042344 0.017038 
0.425986 0.514727 0.042271 0.017016 
0.425862 0.514948 0.042197 0.016993 
0.425734 0.515173 0.042123 0.016969 
0.425608 0.515397 0.042051 0.016944 
0.425488 0.515614 0.041980 0.016918 
0.425374 0.515825 0.041912 0.016890 
0.425262 0.516034 0.041843 0.016862 
0.425153 0.516242 0.041774 0.016832 
0.425048 0.516448 0.041702 0.016802 
0.424942 0.516659 0.041629 0.016770 
0.424823 0.516884 0.041556 0.016737 
0.424691 0.517123 0.041482 0.016704 
0.424557 0.517362 0.041410 0.016671 
0.424427 0.517594 0.041341 0.016638 
0.424299 0.517822 0.041274 0.016606 
0.424167 0.518050 0.041209 0.016573 
0.424026 0.518286 0.041146 0.016542 
0.423871 0.518533 0.041083 0.016513 
0.423700 0.518794 0.041019 0.016487 
0.423514 0.519069 0.040953 0.016463 
0.423320 0.519351 0.040888 0.016441 
0.423122 0.519633 0.040825 0.016420 
0.422911 0.519925 0.040762 0.016401 
0.422680 0.520235 0.040698 0.016387 
0.422434 0.520560 0.040632 0.016374 
0.422180 0.520891 0.040567 0.016362 
0.421924 0.521223 0.040503 0.016349 
0.421673 0.521548 0.040443 0.016336 
0.421430 0.521863 0.040385 0.016323 
0.421194 0.522169 0.040327 0.016309 
0.420961 0.522472 0.040270 0.016297 
0.420731 0.522770 0.040214 0.016285 
0.420502 0.523065 0.040158 0.016275 
0.420276 0.523354 0.040104 0.016266 
0.420053 0.523638 0.040050 0.016258 
0.419826 0.523925 0.039998 0.016251 
0.419590 0.524221 0.039946 0.016243 
0.419353 0.524517 0.039895 0.016235 
0.419124 0.524804 0.039845 0.016227 
0.418900 0.525083 0.039798 0.016219 
0.418672 0.525365 0.039752 0.016211 
0.418438 0.525651 0.039706 0.016206 
0.418207 0.525930 0.039661 0.016203 
0.417993 0.526188 0.039618 0.016201 
0.417797 0.526425 0.039578 0.016200 
0.417612 0.526651 0.039538 0.016198 
0.417428 0.526879 0.039497 0.016195 
0.417486 0.526833 0.039480 0.016201 
0.417605 0.526715 0.039472 0.016209 
0.417715 0.526607 0.039464 0.016215 
0.417815 0.526510 0.039456 0.016220 
0.417907 0.526423 0.039447 0.016223 
0.417995 0.526341 0.039438 0.016226 
0.418083 0.526262 0.039428 0.016227 
0.418170 0.526184 0.039418 0.016228 
0.418256 0.526109 0.039407 0.016229 
0.418335 0.526040 0.039395 0.016230 
0.418406 0.525980 0.039382 0.016231 
0.418469 0.525927 0.039369 0.016235 
0.418526 0.525879 0.039356 0.016240 
0.418577 0.525837 0.039341 0.016245 
0.418621 0.525801 0.039326 0.016252 
0.418656 0.525772 0.039311 0.016261 
0.418683 0.525748 0.039295 0.016273 
0.418704 0.525729 0.039279 0.016287 
0.418722 0.525715 0.039261 0.016302 
0.418736 0.525705 0.039243 0.016317 
0.418744 0.525700 0.039225 0.016331 
0.418745 0.525703 0.039208 0.016344 
0.418738 0.525715 0.039191 0.016356 
0.418725 0.525735 0.039173 0.016367 
0.418711 0.525755 0.039156 0.016379 
0.418704 0.525767 0.039140 0.016389 
0.418709 0.525766 0.039126 0.016400 
0.418724 0.525754 0.039114 0.016409 
0.418742 0.525740 0.039101 0.016417 
0.418757 0.525731 0.039088 0.016424 
0.418777 0.525717 0.039075 0.016431 
0.418815 0.525685 0.039063 0.016438 
0.418880 0.525626 0.039052 0.016442 
0.418973 0.525540 0.039043 0.016445 
0.419086 0.525434 0.039034 0.016446 
0.419209 0.525321 0.039024 0.016446 
0.419330 0.525208 0.039016 0.016445 
0.419444 0.525100 0.039013 0.016443 
0.419555 0.524992 0.039014 0.016439 
0.419671 0.524875 0.039020 0.016433 
0.419802 0.524744 0.039028 0.016427 
0.419948 0.524595 0.039039 0.016418 
0.420108 0.524434 0.039051 0.016408 
0.420270 0.524271 0.039063 0.016396 
0.420430 0.524111 0.039075 0.016384 
0.420591 0.523948 0.039089 0.016372 
0.420759 0.523776 0.039107 0.016359 
0.420928 0.523597 0.039129 0.016345 
0.421092 0.523420 0.039157 0.016331 
0.421245 0.523251 0.039187 0.016317 
0.421387 0.523090 0.039221 0.016302 
0.421521 0.522935 0.039255 0.016289 
0.421647 0.522787 0.039290 0.016276 
0.421764 0.522646 0.039324 0.016265 
0.421872 0.522514 0.039358 0.016255 
0.421969 0.522391 0.039395 0.016245 
0.422056 0.522276 0.039434 0.016234 
0.422136 0.522169 0.039473 0.016223 
0.422208 0.522068 0.039512 0.016212 
0.422273 0.521974 0.039551 0.016203 
0.422331 0.521886 0.039588 0.016195 
0.422388 0.521799 0.039626 0.016187 
0.422454 0.521705 0.039663 0.016179 
0.422530 0.521604 0.039697 0.016169 
0.422611 0.521500 0.039729 0.016159 
0.422691 0.521399 0.039760 0.016150 
0.422772 0.521296 0.039791 0.016141 
0.422864 0.521181 0.039821 0.016135 
0.422970 0.521049 0.039851 0.016131 
0.423087 0.520904 0.039880 0.016129 
0.423209 0.520754 0.039907 0.016130 
0.423327 0.520608 0.039934 0.016131 
0.423442 0.520465 0.039962 0.016131 
0.423559 0.520320 0.039990 0.016131 
0.423678 0.520175 0.040017 0.016130 
0.423793 0.520035 0.040043 0.016128 
0.423901 0.519903 0.040068 0.016127 
0.424001 0.519779 0.040093 0.016127 
0.424095 0.519663 0.040116 0.016126 
0.424186 0.519550 0.040140 0.016125 
0.424285 0.519427 0.040163 0.016125 
0.424398 0.519288 0.040186 0.016127 
0.424526 0.519131 0.040208 0.016134 
0.424660 0.518966 0.040229 0.016146 
0.424790 0.518798 0.040251 0.016161 
0.424925 0.518622 0.040276 0.016177 
0.425079 0.518425 0.040301 0.016195 
0.425258 0.518201 0.040324 0.016217 
0.425456 0.517956 0.040344 0.016245 
0.425665 0.517700 0.040360 0.016276 
0.425876 0.517443 0.040373 0.016308 
0.426083 0.517193 0.040385 0.016339 
0.426283 0.516952 0.040395 0.016370 
0.426480 0.516716 0.040404 0.016399 
0.426680 0.516480 0.040414 0.016427 
0.426882 0.516242 0.040423 0.016454 
0.427087 0.516004 0.040430 0.016479 
0.427293 0.515768 0.040436 0.016504 
0.427496 0.515536 0.040440 0.016528 
0.427694 0.515310 0.040443 0.016553 
0.427883 0.515093 0.040445 0.016579 
0.428064 0.514884 0.040446 0.016606 
0.428241 0.514679 0.040446 0.016634 
0.428417 0.514475 0.040444 0.016664 
0.428594 0.514272 0.040441 0.016693 
0.428767 0.514072 0.040437 0.016723 
0.428934 0.513881 0.040433 0.016752 
0.429094 0.513697 0.040428 0.016781 
0.429252 0.513517 0.040423 0.016808 
0.429406 0.513341 0.040419 0.016833 
0.429556 0.513170 0.040417 0.016858 
0.429700 0.513004 0.040413 0.016882 
0.429841 0.512842 0.040409 0.016907 
0.429981 0.512684 0.040403 0.016932 
