,answer,,,,,output
,ch1,ch2,ch3,ch4,,ch1,ch2,ch3,ch4
0,0.0000,1.0000,0.0000,,0.0000,0.0004,0.9996,
1,0.0000,1.0000,0.0000,,0.0000,0.0004,0.9996,
2,0.0000,1.0000,0.0000,,0.0000,0.0004,0.9996,
3,0.0000,1.0000,0.0000,,0.0000,0.0004,0.9996,
4,0.0000,1.0000,0.0000,,0.0000,0.0005,0.9995,
5,0.0000,1.0000,0.0000,,0.0000,0.0005,0.9995,
6,0.0000,1.0000,0.0000,,0.0000,0.0005,0.9995,
7,0.0000,1.0000,0.0000,,0.0000,0.0006,0.9994,
8,0.0000,1.0000,0.0000,,0.0000,0.0006,0.9994,
9,0.0000,1.0000,0.0000,,0.0000,0.0007,0.9993,
10,0.0000,1.0000,0.0000,,0.0000,0.0007,0.9993,
11,0.0000,1.0000,0.0000,,0.0000,0.0008,0.9992,
12,0.0000,1.0000,0.0000,,0.0000,0.0009,0.9991,
13,0.0000,1.0000,0.0000,,0.0000,0.0009,0.9991,
14,0.0000,1.0000,0.0000,,0.0000,0.0010,0.9990,
15,0.0000,1.0000,0.0000,,0.0000,0.0011,0.9989,
16,0.0000,1.0000,0.0000,,0.0000,0.0012,0.9988,
17,0.0000,1.0000,0.0000,,0.0000,0.0012,0.9988,
18,0.0000,1.0000,0.0000,,0.0000,0.0013,0.9987,
19,0.0000,1.0000,0.0000,,0.0000,0.0014,0.9986,
20,0.0000,1.0000,0.0000,,0.0000,0.0015,0.9985,
21,0.0000,1.0000,0.0000,,0.0000,0.0016,0.9984,
22,0.0000,1.0000,0.0000,,0.0000,0.0016,0.9984,
23,0.0000,1.0000,0.0000,,0.0000,0.0017,0.9983,
24,0.0000,1.0000,0.0000,,0.0000,0.0018,0.9982,
25,0.0000,1.0000,0.0000,,0.0000,0.0019,0.9981,
26,0.0000,1.0000,0.0000,,0.0000,0.0021,0.9979,
27,0.0000,1.0000,0.0000,,0.0000,0.0022,0.9978,
28,0.0000,1.0000,0.0000,,0.0000,0.0023,0.9977,
29,0.0000,1.0000,0.0000,,0.0000,0.0025,0.9975,
30,0.0000,1.0000,0.0000,,0.0000,0.0026,0.9974,
31,0.0000,1.0000,0.0000,,0.0000,0.0027,0.9973,
32,0.0000,1.0000,0.0000,,0.0000,0.0029,0.9971,
33,0.0000,1.0000,0.0000,,0.0000,0.0031,0.9969,
34,0.0000,1.0000,0.0000,,0.0000,0.0033,0.9967,
35,0.0000,1.0000,0.0000,,0.0000,0.0035,0.9965,
36,0.0000,1.0000,0.0000,,0.0000,0.0036,0.9964,
37,0.0000,1.0000,0.0000,,0.0000,0.0038,0.9962,
38,0.0000,1.0000,0.0000,,0.0000,0.0041,0.9959,
39,0.0000,1.0000,0.0000,,0.0000,0.0044,0.9956,
40,0.0000,1.0000,0.0000,,0.0000,0.0048,0.9952,
41,0.0000,1.0000,0.0000,,0.0000,0.0052,0.9948,
42,0.0000,1.0000,0.0000,,0.0000,0.0057,0.9943,
43,0.0000,1.0000,0.0000,,0.0000,0.0061,0.9939,
44,0.0000,1.0000,0.0000,,0.0000,0.0066,0.9934,
45,0.0000,1.0000,0.0000,,0.0000,0.0071,0.9929,
46,0.0000,1.0000,0.0000,,0.0000,0.0076,0.9924,
47,0.0000,1.0000,0.0000,,0.0000,0.0080,0.9920,
48,0.0000,1.0000,0.0000,,0.0000,0.0084,0.9916,
49,0.0000,1.0000,0.0000,,0.0000,0.0089,0.9911,
50,0.0000,1.0000,0.0000,,0.0000,0.0093,0.9907,
51,0.0000,1.0000,0.0000,,0.0000,0.0098,0.9902,
52,0.0000,1.0000,0.0000,,0.0000,0.0103,0.9897,
53,0.0000,1.0000,0.0000,,0.0000,0.0109,0.9891,
54,0.0000,1.0000,0.0000,,0.0000,0.0114,0.9886,
55,0.0000,1.0000,0.0000,,0.0000,0.0119,0.9881,
56,0.0000,1.0000,0.0000,,0.0000,0.0123,0.9877,
57,0.0000,1.0000,0.0000,,0.0000,0.0129,0.9871,
58,0.0000,1.0000,0.0000,,0.0000,0.0135,0.9865,
59,0.0000,1.0000,0.0000,,0.0000,0.0142,0.9858,
60,0.0000,1.0000,0.0000,,0.0000,0.0150,0.9850,
61,0.0000,1.0000,0.0000,,0.0000,0.0158,0.9842,
62,0.0000,1.0000,0.0000,,0.0000,0.0167,0.9833,
63,0.0000,1.0000,0.0000,,0.0000,0.0176,0.9824,
64,0.0000,1.0000,0.0000,,0.0000,0.0187,0.9813,
65,0.0000,1.0000,0.0000,,0.0000,0.0201,0.9799,
66,0.0000,1.0000,0.0000,,0.0000,0.0216,0.9784,
67,0.0000,1.0000,0.0000,,0.0000,0.0231,0.9769,
68,0.0000,1.0000,0.0000,,0.0000,0.0246,0.9754,
69,0.0000,1.0000,0.0000,,0.0000,0.0262,0.9738,
70,0.0000,1.0000,0.0000,,0.0000,0.0278,0.9722,
71,0.0000,1.0000,0.0000,,0.0000,0.0294,0.9706,
72,0.0000,1.0000,0.0000,,0.0000,0.0311,0.9689,
73,0.0000,1.0000,0.0000,,0.0000,0.0329,0.9671,
74,0.0000,1.0000,0.0000,,0.0000,0.0348,0.9652,
75,0.0000,1.0000,0.0000,,0.0000,0.0368,0.9632,
76,0.0000,1.0000,0.0000,,0.0000,0.0388,0.9612,
77,0.0000,1.0000,0.0000,,0.0000,0.0409,0.9591,
78,0.0000,1.0000,0.0000,,0.0000,0.0431,0.9569,
79,0.0000,1.0000,0.0000,,0.0000,0.0453,0.9547,
80,0.0000,1.0000,0.0000,,0.0000,0.0477,0.9523,
81,0.0000,1.0000,0.0000,,0.0000,0.0503,0.9497,
82,0.0000,1.0000,0.0000,,0.0000,0.0530,0.9470,
83,0.0000,1.0000,0.0000,,0.0000,0.0559,0.9441,
84,0.0000,1.0000,0.0000,,0.0000,0.0589,0.9411,
85,0.0000,1.0000,0.0000,,0.0000,0.0622,0.9378,
86,0.0000,1.0000,0.0000,,0.0000,0.0658,0.9342,
87,0.0000,1.0000,0.0000,,0.0000,0.0696,0.9304,
88,0.0000,1.0000,0.0000,,0.0000,0.0734,0.9266,
89,0.0000,1.0000,0.0000,,0.0000,0.0771,0.9229,
90,0.0000,1.0000,0.0000,,0.0000,0.0806,0.9194,
91,0.0000,1.0000,0.0000,,0.0000,0.0838,0.9162,
92,0.0000,1.0000,0.0000,,0.0000,0.0866,0.9134,
93,0.0000,1.0000,0.0000,,0.0000,0.0890,0.9110,
94,0.0000,1.0000,0.0000,,0.0000,0.0910,0.9090,
95,0.0000,1.0000,0.0000,,0.0000,0.0931,0.9069,
96,0.0000,1.0000,0.0000,,0.0000,0.0954,0.9046,
97,0.0000,1.0000,0.0000,,0.0000,0.0978,0.9022,
98,0.0000,1.0000,0.0000,,0.0000,0.1002,0.8998,
99,0.0000,1.0000,0.0000,,0.0000,0.1026,0.8974,
100,0.0000,1.0000,0.0000,,0.0000,0.1050,0.8950,
101,0.0000,1.0000,0.0000,,0.0000,0.1074,0.8926,
102,0.0000,1.0000,0.0000,,0.0000,0.1098,0.8902,
103,0.0000,1.0000,0.0000,,0.0000,0.1125,0.8875,
104,0.0000,1.0000,0.0000,,0.0000,0.1155,0.8845,
105,0.0000,1.0000,0.0000,,0.0000,0.1188,0.8812,
106,0.0000,1.0000,0.0000,,0.0000,0.1221,0.8779,
107,0.0000,1.0000,0.0000,,0.0000,0.1250,0.8750,
108,0.0000,1.0000,0.0000,,0.0000,0.1273,0.8727,
109,0.0000,1.0000,0.0000,,0.0000,0.1291,0.8709,
110,0.0000,1.0000,0.0000,,0.0000,0.1308,0.8692,
111,0.0000,1.0000,0.0000,,0.0000,0.1327,0.8673,
112,0.0000,1.0000,0.0000,,0.0000,0.1349,0.8651,
113,0.0000,1.0000,0.0000,,0.0000,0.1376,0.8624,
114,0.0000,1.0000,0.0000,,0.0000,0.1405,0.8595,
115,0.0000,1.0000,0.0000,,0.0000,0.1435,0.8565,
116,0.0000,1.0000,0.0000,,0.0000,0.1464,0.8536,
117,0.0000,1.0000,0.0000,,0.0000,0.1492,0.8508,
118,0.0000,1.0000,0.0000,,0.0000,0.1519,0.8481,
119,0.0000,1.0000,0.0000,,0.0000,0.1545,0.8455,
120,0.0000,1.0000,0.0000,,0.0000,0.1573,0.8427,
121,0.0000,1.0000,0.0000,,0.0000,0.1602,0.8398,
122,0.0000,1.0000,0.0000,,0.0000,0.1628,0.8372,
123,0.0000,1.0000,0.0000,,0.0000,0.1648,0.8352,
124,0.0000,1.0000,0.0000,,0.0000,0.1667,0.8333,
125,0.0000,1.0000,0.0000,,0.0000,0.1688,0.8312,
126,0.0000,1.0000,0.0000,,0.0000,0.1721,0.8279,
127,0.0000,1.0000,0.0000,,0.0000,0.1765,0.8235,
128,0.0000,1.0000,0.0000,,0.0000,0.1818,0.8182,
129,0.0000,1.0000,0.0000,,0.0000,0.1875,0.8125,
130,0.0000,1.0000,0.0000,,0.0000,0.1932,0.8068,
131,0.0000,1.0000,0.0000,,0.0000,0.1990,0.8010,
132,0.0000,1.0000,0.0000,,0.0000,0.2049,0.7951,
133,0.0000,1.0000,0.0000,,0.0000,0.2108,0.7892,
134,0.0000,1.0000,0.0000,,0.0000,0.2167,0.7833,
135,0.0000,1.0000,0.0000,,0.0000,0.2226,0.7774,
136,0.0000,1.0000,0.0000,,0.0000,0.2287,0.7713,
137,0.0000,1.0000,0.0000,,0.0000,0.2346,0.7654,
138,0.0000,1.0000,0.0000,,0.0000,0.2404,0.7596,
139,0.0000,1.0000,0.0000,,0.0000,0.2462,0.7538,
140,0.0000,1.0000,0.0000,,0.0000,0.2519,0.7481,
141,0.0000,1.0000,0.0000,,0.0000,0.2574,0.7426,
142,0.0000,1.0000,0.0000,,0.0000,0.2625,0.7375,
143,0.0000,1.0000,0.0000,,0.0000,0.2675,0.7325,
144,0.0000,1.0000,0.0000,,0.0000,0.2725,0.7275,
145,0.0000,1.0000,0.0000,,0.0000,0.2775,0.7225,
146,0.0000,1.0000,0.0000,,0.0000,0.2823,0.7177,
147,0.0000,1.0000,0.0000,,0.0000,0.2870,0.7130,
148,0.0000,1.0000,0.0000,,0.0000,0.2916,0.7084,
149,0.0000,1.0000,0.0000,,0.0000,0.2962,0.7038,
150,0.0000,1.0000,0.0000,,0.0000,0.3013,0.6987,
151,0.0000,1.0000,0.0000,,0.0000,0.3065,0.6935,
152,0.0000,1.0000,0.0000,,0.0000,0.3114,0.6886,
153,0.0000,1.0000,0.0000,,0.0000,0.3155,0.6845,
154,0.0000,1.0000,0.0000,,0.0000,0.3189,0.6811,
155,0.0000,1.0000,0.0000,,0.0000,0.3220,0.6780,
156,0.0000,1.0000,0.0000,,0.0000,0.3248,0.6752,
157,0.0000,1.0000,0.0000,,0.0000,0.3276,0.6724,
158,0.0000,1.0000,0.0000,,0.0000,0.3307,0.6693,
159,0.0000,1.0000,0.0000,,0.0000,0.3342,0.6658,
160,0.0000,1.0000,0.0000,,0.0000,0.3385,0.6615,
161,0.0000,1.0000,0.0000,,0.0000,0.3434,0.6566,
162,0.0000,1.0000,0.0000,,0.0000,0.3488,0.6512,
163,0.0000,1.0000,0.0000,,0.0000,0.3544,0.6456,
164,0.0000,1.0000,0.0000,,0.0000,0.3602,0.6398,
165,0.0000,1.0000,0.0000,,0.0000,0.3665,0.6335,
166,0.0000,1.0000,0.0000,,0.0000,0.3730,0.6270,
167,0.0000,1.0000,0.0000,,0.0000,0.3799,0.6201,
168,0.0000,1.0000,0.0000,,0.0000,0.3869,0.6131,
169,0.0000,1.0000,0.0000,,0.0000,0.3935,0.6065,
170,0.0000,1.0000,0.0000,,0.0000,0.3996,0.6004,
171,0.0000,1.0000,0.0000,,0.0000,0.4055,0.5945,
172,0.0000,1.0000,0.0000,,0.0000,0.4121,0.5879,
173,0.0000,1.0000,0.0000,,0.0000,0.4196,0.5804,
174,0.0000,1.0000,0.0000,,0.0000,0.4272,0.5728,
175,0.0000,1.0000,0.0000,,0.0000,0.4346,0.5654,
176,0.0000,1.0000,0.0000,,0.0000,0.4420,0.5580,
177,0.0000,1.0000,0.0000,,0.0000,0.4495,0.5505,
178,0.0000,1.0000,0.0000,,0.0000,0.4569,0.5431,
179,0.0000,1.0000,0.0000,,0.0000,0.4642,0.5358,
180,0.0000,1.0000,0.0000,,0.0000,0.4714,0.5286,
181,0.0000,1.0000,0.0000,,0.0000,0.4791,0.5209,
182,0.0000,1.0000,0.0000,,0.0000,0.4868,0.5132,
183,0.0000,1.0000,0.0000,,0.0000,0.4940,0.5060,
184,0.0000,1.0000,0.0000,,0.0000,0.5002,0.4998,
185,0.0000,1.0000,0.0000,,0.0000,0.5056,0.4944,
186,0.0000,1.0000,0.0000,,0.0000,0.5101,0.4899,
187,0.0000,1.0000,0.0000,,0.0000,0.5144,0.4856,
188,0.0000,1.0000,0.0000,,0.0000,0.5190,0.4810,
189,0.0000,1.0000,0.0000,,0.0000,0.5242,0.4758,
190,0.0000,1.0000,0.0000,,0.0000,0.5290,0.4710,
191,0.0000,1.0000,0.0000,,0.0000,0.5326,0.4674,
192,0.0000,1.0000,0.0000,,0.0000,0.5354,0.4646,
193,0.0000,1.0000,0.0000,,0.0000,0.5381,0.4619,
194,0.0000,1.0000,0.0000,,0.0000,0.5412,0.4588,
195,0.0000,1.0000,0.0000,,0.0000,0.5445,0.4555,
196,0.0000,1.0000,0.0000,,0.0000,0.5483,0.4517,
197,0.0000,1.0000,0.0000,,0.0000,0.5529,0.4471,
198,0.0000,1.0000,0.0000,,0.0000,0.5582,0.4418,
199,0.0000,1.0000,0.0000,,0.0000,0.5638,0.4362,
200,0.0000,1.0000,0.0000,,0.0000,0.5689,0.4311,
201,0.0000,1.0000,0.0000,,0.0000,0.5732,0.4268,
202,0.0000,1.0000,0.0000,,0.0000,0.5768,0.4232,
203,0.0000,1.0000,0.0000,,0.0000,0.5805,0.4195,
204,0.0000,1.0000,0.0000,,0.0000,0.5851,0.4149,
205,0.0000,1.0000,0.0000,,0.0000,0.5912,0.4088,
206,0.0000,1.0000,0.0000,,0.0000,0.5986,0.4014,
207,0.0000,1.0000,0.0000,,0.0000,0.6065,0.3935,
208,0.0000,1.0000,0.0000,,0.0000,0.6134,0.3866,
209,0.0000,1.0000,0.0000,,0.0000,0.6190,0.3810,
210,0.0000,1.0000,0.0000,,0.0000,0.6233,0.3767,
211,0.0000,1.0000,0.0000,,0.0000,0.6270,0.3730,
212,0.0000,1.0000,0.0000,,0.0000,0.6299,0.3701,
213,0.0000,1.0000,0.0000,,0.0000,0.6317,0.3683,
214,0.0000,1.0000,0.0000,,0.0000,0.6321,0.3679,
215,0.0000,1.0000,0.0000,,0.0000,0.6317,0.3683,
216,0.0000,1.0000,0.0000,,0.0000,0.6318,0.3682,
217,0.0000,1.0000,0.0000,,0.0000,0.6332,0.3668,
218,0.0000,1.0000,0.0000,,0.0000,0.6345,0.3655,
219,0.0000,1.0000,0.0000,,0.0000,0.6345,0.3655,
220,0.0000,1.0000,0.0000,,0.0000,0.6327,0.3673,
221,0.0000,1.0000,0.0000,,0.0000,0.6307,0.3693,
222,0.0000,1.0000,0.0000,,0.0000,0.6302,0.3698,
223,0.0000,1.0000,0.0000,,0.0000,0.6310,0.3690,
224,0.0000,1.0000,0.0000,,0.0000,0.6322,0.3678,
225,0.0000,1.0000,0.0000,,0.0000,0.6326,0.3674,
226,0.0000,1.0000,0.0000,,0.0000,0.6319,0.3681,
227,0.0000,1.0000,0.0000,,0.0000,0.6298,0.3702,
228,0.0000,1.0000,0.0000,,0.0000,0.6265,0.3735,
229,0.0000,1.0000,0.0000,,0.0000,0.6222,0.3778,
230,0.0000,1.0000,0.0000,,0.0000,0.6178,0.3822,
231,0.0000,1.0000,0.0000,,0.0000,0.6136,0.3864,
232,0.0000,1.0000,0.0000,,0.0000,0.6091,0.3909,
233,0.0000,1.0000,0.0000,,0.0000,0.6039,0.3961,
234,0.0000,1.0000,0.0000,,0.0000,0.5977,0.4023,
235,0.0000,1.0000,0.0000,,0.0000,0.5911,0.4089,
236,0.0000,1.0000,0.0000,,0.0000,0.5843,0.4157,
237,0.0000,1.0000,0.0000,,0.0000,0.5771,0.4229,
238,0.0000,1.0000,0.0000,,0.0000,0.5699,0.4301,
239,0.0000,1.0000,0.0000,,0.0000,0.5627,0.4373,
240,0.0000,1.0000,0.0000,,0.0000,0.5557,0.4443,
241,0.0000,1.0000,0.0000,,0.0000,0.5487,0.4513,
242,0.0000,1.0000,0.0000,,0.0000,0.5419,0.4581,
243,0.0000,1.0000,0.0000,,0.0000,0.5355,0.4645,
244,0.0000,1.0000,0.0000,,0.0000,0.5298,0.4702,
245,0.0000,1.0000,0.0000,,0.0000,0.5254,0.4746,
246,0.0000,1.0000,0.0000,,0.0000,0.5229,0.4771,
247,0.0000,1.0000,0.0000,,0.0000,0.5225,0.4775,
248,0.0000,1.0000,0.0000,,0.0000,0.5236,0.4764,
249,0.0000,1.0000,0.0000,,0.0000,0.5253,0.4747,
250,0.0000,1.0000,0.0000,,0.0000,0.5270,0.4730,
251,0.0000,1.0000,0.0000,,0.0000,0.5291,0.4709,
252,0.0000,1.0000,0.0000,,0.0000,0.5319,0.4681,
253,0.0000,1.0000,0.0000,,0.0000,0.5351,0.4649,
254,0.0000,1.0000,0.0000,,0.0000,0.5385,0.4615,
255,0.0000,1.0000,0.0000,,0.0000,0.5421,0.4579,
256,0.0000,1.0000,0.0000,,0.0000,0.5455,0.4545,
257,0.0000,1.0000,0.0000,,0.0000,0.5488,0.4512,
258,0.0000,1.0000,0.0000,,0.0000,0.5520,0.4480,
259,0.0000,1.0000,0.0000,,0.0000,0.5553,0.4447,
260,0.0000,1.0000,0.0000,,0.0000,0.5587,0.4413,
261,0.0000,1.0000,0.0000,,0.0000,0.5620,0.4380,
262,0.0000,1.0000,0.0000,,0.0000,0.5653,0.4347,
263,0.0000,1.0000,0.0000,,0.0000,0.5686,0.4314,
264,0.0000,1.0000,0.0000,,0.0000,0.5722,0.4278,
265,0.0000,1.0000,0.0000,,0.0000,0.5759,0.4241,
266,0.0000,1.0000,0.0000,,0.0000,0.5798,0.4202,
267,0.0000,1.0000,0.0000,,0.0000,0.5838,0.4162,
268,0.0000,1.0000,0.0000,,0.0000,0.5879,0.4121,
269,0.0000,1.0000,0.0000,,0.0000,0.5919,0.4081,
270,0.0000,1.0000,0.0000,,0.0000,0.5954,0.4046,
271,0.0000,1.0000,0.0000,,0.0000,0.5983,0.4017,
272,0.0000,1.0000,0.0000,,0.0000,0.6003,0.3997,
273,0.0000,1.0000,0.0000,,0.0000,0.6013,0.3987,
274,0.0000,1.0000,0.0000,,0.0000,0.6019,0.3981,
275,0.0000,1.0000,0.0000,,0.0000,0.6023,0.3977,
276,0.0000,1.0000,0.0000,,0.0000,0.6032,0.3968,
277,0.0000,1.0000,0.0000,,0.0000,0.6040,0.3960,
278,0.0000,1.0000,0.0000,,0.0000,0.6041,0.3959,
279,0.0000,1.0000,0.0000,,0.0000,0.6035,0.3965,
280,0.0000,1.0000,0.0000,,0.0000,0.6024,0.3976,
281,0.0000,1.0000,0.0000,,0.0000,0.6015,0.3985,
282,0.0000,1.0000,0.0000,,0.0000,0.6011,0.3989,
283,0.0000,1.0000,0.0000,,0.0000,0.6011,0.3989,
284,0.0000,1.0000,0.0000,,0.0000,0.6011,0.3989,
285,0.0000,1.0000,0.0000,,0.0000,0.6005,0.3995,
286,0.0000,1.0000,0.0000,,0.0000,0.5988,0.4012,
287,0.0000,1.0000,0.0000,,0.0000,0.5960,0.4040,
288,0.0000,1.0000,0.0000,,0.0000,0.5927,0.4073,
289,0.0000,1.0000,0.0000,,0.0000,0.5894,0.4106,
290,0.0000,1.0000,0.0000,,0.0000,0.5859,0.4141,
291,0.0000,1.0000,0.0000,,0.0000,0.5820,0.4180,
292,0.0000,1.0000,0.0000,,0.0000,0.5782,0.4218,
293,0.0000,1.0000,0.0000,,0.0000,0.5747,0.4253,
294,0.0000,1.0000,0.0000,,0.0000,0.5716,0.4284,
295,0.0000,1.0000,0.0000,,0.0000,0.5685,0.4315,
296,0.0000,1.0000,0.0000,,0.0000,0.5653,0.4347,
297,0.0000,1.0000,0.0000,,0.0000,0.5618,0.4382,
298,0.0000,1.0000,0.0000,,0.0000,0.5581,0.4419,
299,0.0000,1.0000,0.0000,,0.0000,0.5543,0.4457,
300,0.0000,1.0000,0.0000,,0.0000,0.5499,0.4501,
301,0.0000,1.0000,0.0000,,0.0000,0.5450,0.4550,
302,0.0000,1.0000,0.0000,,0.0000,0.5398,0.4602,
303,0.0000,1.0000,0.0000,,0.0000,0.5348,0.4652,
304,0.0000,1.0000,0.0000,,0.0000,0.5300,0.4700,
305,0.0000,1.0000,0.0000,,0.0000,0.5254,0.4746,
306,0.0000,1.0000,0.0000,,0.0000,0.5217,0.4783,
307,0.0000,1.0000,0.0000,,0.0000,0.5197,0.4803,
308,0.0000,1.0000,0.0000,,0.0000,0.5194,0.4806,
309,0.0000,1.0000,0.0000,,0.0000,0.5199,0.4801,
310,0.0000,1.0000,0.0000,,0.0000,0.5199,0.4801,
311,0.0000,1.0000,0.0000,,0.0000,0.5190,0.4810,
312,0.0000,1.0000,0.0000,,0.0000,0.5174,0.4826,
313,0.0000,1.0000,0.0000,,0.0000,0.5160,0.4840,
314,0.0000,1.0000,0.0000,,0.0000,0.5152,0.4848,
315,0.0000,1.0000,0.0000,,0.0000,0.5152,0.4848,
316,0.0000,1.0000,0.0000,,0.0000,0.5155,0.4845,
317,0.0000,1.0000,0.0000,,0.0000,0.5159,0.4841,
318,0.0000,1.0000,0.0000,,0.0000,0.5163,0.4837,
319,0.0000,1.0000,0.0000,,0.0000,0.5168,0.4832,
320,0.0000,1.0000,0.0000,,0.0000,0.5177,0.4823,
321,0.0000,1.0000,0.0000,,0.0000,0.5188,0.4812,
322,0.0000,1.0000,0.0000,,0.0000,0.5201,0.4799,
323,0.0000,1.0000,0.0000,,0.0000,0.5214,0.4786,
324,0.0000,1.0000,0.0000,,0.0000,0.5228,0.4772,
325,0.0000,1.0000,0.0000,,0.0000,0.5241,0.4759,
326,0.0000,1.0000,0.0000,,0.0000,0.5256,0.4744,
327,0.0000,1.0000,0.0000,,0.0000,0.5274,0.4726,
328,0.0000,1.0000,0.0000,,0.0000,0.5297,0.4703,
329,0.0000,1.0000,0.0000,,0.0000,0.5321,0.4679,
330,0.0000,1.0000,0.0000,,0.0000,0.5344,0.4656,
331,0.0000,1.0000,0.0000,,0.0000,0.5360,0.4640,
332,0.0000,1.0000,0.0000,,0.0000,0.5373,0.4627,
333,0.0000,1.0000,0.0000,,0.0000,0.5379,0.4621,
334,0.0000,1.0000,0.0000,,0.0000,0.5369,0.4631,
335,0.0000,1.0000,0.0000,,0.0000,0.5332,0.4668,
336,0.0000,1.0000,0.0000,,0.0000,0.5263,0.4737,
337,0.0000,1.0000,0.0000,,0.0000,0.5169,0.4831,
338,0.0000,1.0000,0.0000,,0.0000,0.5060,0.4940,
339,0.0000,1.0000,0.0000,,0.0000,0.4948,0.5052,
340,0.0000,1.0000,0.0000,,0.0000,0.4845,0.5155,
341,0.0000,1.0000,0.0000,,0.0000,0.4753,0.5247,
342,0.0000,1.0000,0.0000,,0.0000,0.4673,0.5327,
343,0.0000,1.0000,0.0000,,0.0000,0.4602,0.5398,
344,0.0000,1.0000,0.0000,,0.0000,0.4541,0.5459,
345,0.0000,1.0000,0.0000,,0.0000,0.4485,0.5515,
346,0.0000,1.0000,0.0000,,0.0000,0.4433,0.5567,
347,0.0000,1.0000,0.0000,,0.0000,0.4382,0.5618,
348,0.0000,1.0000,0.0000,,0.0000,0.4336,0.5664,
349,0.0000,1.0000,0.0000,,0.0000,0.4294,0.5706,
350,0.0000,1.0000,0.0000,,0.0000,0.4259,0.5741,
351,0.0000,1.0000,0.0000,,0.0000,0.4227,0.5773,
352,0.0000,1.0000,0.0000,,0.0000,0.4196,0.5804,
353,0.0000,1.0000,0.0000,,0.0000,0.4163,0.5837,
354,0.0000,1.0000,0.0000,,0.0000,0.4129,0.5871,
355,0.0000,1.0000,0.0000,,0.0000,0.4095,0.5905,
356,0.0000,1.0000,0.0000,,0.0000,0.4064,0.5936,
357,0.0000,1.0000,0.0000,,0.0000,0.4037,0.5963,
358,0.0000,1.0000,0.0000,,0.0000,0.4011,0.5989,
359,0.0000,1.0000,0.0000,,0.0000,0.3985,0.6015,
360,0.0000,1.0000,0.0000,,0.0000,0.3960,0.6040,
361,0.0000,1.0000,0.0000,,0.0000,0.3940,0.6060,
362,0.0000,1.0000,0.0000,,0.0000,0.3929,0.6071,
363,0.0000,1.0000,0.0000,,0.0000,0.3925,0.6075,
364,0.0000,1.0000,0.0000,,0.0000,0.3923,0.6077,
365,0.0000,1.0000,0.0000,,0.0000,0.3922,0.6078,
366,0.0000,1.0000,0.0000,,0.0000,0.3923,0.6077,
367,0.0000,1.0000,0.0000,,0.0000,0.3925,0.6075,
368,0.0000,1.0000,0.0000,,0.0000,0.3930,0.6070,
369,0.0000,1.0000,0.0000,,0.0000,0.3941,0.6059,
370,0.0000,1.0000,0.0000,,0.0000,0.3962,0.6038,
371,0.0000,1.0000,0.0000,,0.0000,0.3992,0.6008,
372,0.0000,1.0000,0.0000,,0.0000,0.4027,0.5973,
373,0.0000,1.0000,0.0000,,0.0000,0.4058,0.5942,
374,0.0000,1.0000,0.0000,,0.0000,0.4081,0.5919,
375,0.0000,1.0000,0.0000,,0.0000,0.4096,0.5904,
376,0.0000,1.0000,0.0000,,0.0000,0.4109,0.5891,
377,0.0000,1.0000,0.0000,,0.0000,0.4122,0.5878,
378,0.0000,1.0000,0.0000,,0.0000,0.4131,0.5869,
379,0.0000,1.0000,0.0000,,0.0000,0.4135,0.5865,
380,0.0000,1.0000,0.0000,,0.0000,0.4136,0.5864,
381,0.0000,1.0000,0.0000,,0.0000,0.4136,0.5864,
382,0.0000,1.0000,0.0000,,0.0000,0.4134,0.5866,
383,0.0000,1.0000,0.0000,,0.0000,0.4131,0.5869,
384,0.0000,1.0000,0.0000,,0.0000,0.4130,0.5870,
385,0.0000,1.0000,0.0000,,0.0000,0.4133,0.5867,
386,0.0000,1.0000,0.0000,,0.0000,0.4136,0.5864,
387,0.0000,1.0000,0.0000,,0.0000,0.4139,0.5861,
388,0.0000,1.0000,0.0000,,0.0000,0.4148,0.5852,
389,0.0000,1.0000,0.0000,,0.0000,0.4173,0.5827,
390,0.0000,1.0000,0.0000,,0.0000,0.4218,0.5782,
391,0.0000,1.0000,0.0000,,0.0000,0.4279,0.5721,
392,0.0000,1.0000,0.0000,,0.0000,0.4346,0.5654,
393,0.0000,1.0000,0.0000,,0.0000,0.4415,0.5585,
394,0.0000,1.0000,0.0000,,0.0000,0.4485,0.5515,
395,0.0000,1.0000,0.0000,,0.0000,0.4558,0.5442,
396,0.0000,1.0000,0.0000,,0.0000,0.4633,0.5367,
397,0.0000,1.0000,0.0000,,0.0000,0.4703,0.5297,
398,0.0000,1.0000,0.0000,,0.0000,0.4762,0.5238,
399,0.0000,1.0000,0.0000,,0.0000,0.4805,0.5195,
400,0.0000,1.0000,0.0000,,0.0000,0.4831,0.5169,
401,0.0000,1.0000,0.0000,,0.0000,0.4837,0.5163,
402,0.0000,1.0000,0.0000,,0.0000,0.4827,0.5173,
403,0.0000,1.0000,0.0000,,0.0000,0.4814,0.5186,
404,0.0000,1.0000,0.0000,,0.0000,0.4807,0.5193,
405,0.0000,1.0000,0.0000,,0.0000,0.4800,0.5200,
406,0.0000,1.0000,0.0000,,0.0000,0.4788,0.5212,
407,0.0000,1.0000,0.0000,,0.0000,0.4772,0.5228,
408,0.0000,1.0000,0.0000,,0.0000,0.4759,0.5241,
409,0.0000,1.0000,0.0000,,0.0000,0.4754,0.5246,
410,0.0000,1.0000,0.0000,,0.0000,0.4755,0.5245,
411,0.0000,1.0000,0.0000,,0.0000,0.4761,0.5239,
412,0.0000,1.0000,0.0000,,0.0000,0.4768,0.5232,
413,0.0000,1.0000,0.0000,,0.0000,0.4778,0.5222,
414,0.0000,1.0000,0.0000,,0.0000,0.4789,0.5211,
415,0.0000,1.0000,0.0000,,0.0000,0.4800,0.5200,
416,0.0000,1.0000,0.0000,,0.0000,0.4807,0.5193,
417,0.0000,1.0000,0.0000,,0.0000,0.4816,0.5184,
418,0.0000,1.0000,0.0000,,0.0000,0.4831,0.5169,
419,0.0000,1.0000,0.0000,,0.0000,0.4849,0.5151,
420,0.0000,1.0000,0.0000,,0.0000,0.4865,0.5135,
421,0.0000,1.0000,0.0000,,0.0000,0.4874,0.5126,
422,0.0000,1.0000,0.0000,,0.0000,0.4879,0.5121,
423,0.0000,1.0000,0.0000,,0.0000,0.4881,0.5119,
424,0.0000,1.0000,0.0000,,0.0000,0.4878,0.5122,
425,0.0000,1.0000,0.0000,,0.0000,0.4868,0.5132,
426,0.0000,1.0000,0.0000,,0.0000,0.4849,0.5151,
427,0.0000,1.0000,0.0000,,0.0000,0.4824,0.5176,
428,0.0000,1.0000,0.0000,,0.0000,0.4799,0.5201,
429,0.0000,1.0000,0.0000,,0.0000,0.4772,0.5228,
430,0.0000,1.0000,0.0000,,0.0000,0.4747,0.5253,
431,0.0000,1.0000,0.0000,,0.0000,0.4726,0.5274,
432,0.0000,1.0000,0.0000,,0.0000,0.4710,0.5290,
433,0.0000,1.0000,0.0000,,0.0000,0.4694,0.5306,
434,0.0000,1.0000,0.0000,,0.0000,0.4678,0.5322,
435,0.0000,1.0000,0.0000,,0.0000,0.4662,0.5338,
436,0.0000,1.0000,0.0000,,0.0000,0.4650,0.5350,
437,0.0000,1.0000,0.0000,,0.0000,0.4639,0.5361,
438,0.0000,1.0000,0.0000,,0.0000,0.4627,0.5373,
439,0.0000,1.0000,0.0000,,0.0000,0.4609,0.5391,
440,0.0000,1.0000,0.0000,,0.0000,0.4587,0.5413,
441,0.0000,1.0000,0.0000,,0.0000,0.4563,0.5437,
442,0.0000,1.0000,0.0000,,0.0000,0.4539,0.5461,
443,0.0000,1.0000,0.0000,,0.0000,0.4516,0.5484,
444,0.0000,1.0000,0.0000,,0.0000,0.4495,0.5505,
445,0.0000,1.0000,0.0000,,0.0000,0.4478,0.5522,
446,0.0000,1.0000,0.0000,,0.0000,0.4467,0.5533,
447,0.0000,1.0000,0.0000,,0.0000,0.4462,0.5538,
448,0.0000,1.0000,0.0000,,0.0000,0.4462,0.5538,
449,0.0000,1.0000,0.0000,,0.0000,0.4463,0.5537,
450,0.0000,1.0000,0.0000,,0.0000,0.4466,0.5534,
451,0.0000,1.0000,0.0000,,0.0000,0.4470,0.5530,
452,0.0000,1.0000,0.0000,,0.0000,0.4476,0.5524,
453,0.0000,1.0000,0.0000,,0.0000,0.4487,0.5513,
454,0.0000,1.0000,0.0000,,0.0000,0.4504,0.5496,
455,0.0000,1.0000,0.0000,,0.0000,0.4525,0.5475,
456,0.0000,1.0000,0.0000,,0.0000,0.4549,0.5451,
457,0.0000,1.0000,0.0000,,0.0000,0.4573,0.5427,
458,0.0000,1.0000,0.0000,,0.0000,0.4601,0.5399,
459,0.0000,1.0000,0.0000,,0.0000,0.4636,0.5364,
460,0.0000,1.0000,0.0000,,0.0000,0.4676,0.5324,
461,0.0000,1.0000,0.0000,,0.0000,0.4718,0.5282,
462,0.0000,1.0000,0.0000,,0.0000,0.4761,0.5239,
463,0.0000,1.0000,0.0000,,0.0000,0.4806,0.5194,
464,0.0000,1.0000,0.0000,,0.0000,0.4853,0.5147,
465,0.0000,1.0000,0.0000,,0.0000,0.4904,0.5096,
466,0.0000,1.0000,0.0000,,0.0000,0.4959,0.5041,
467,0.0000,1.0000,0.0000,,0.0000,0.5020,0.4980,
468,0.0000,1.0000,0.0000,,0.0000,0.5084,0.4916,
469,0.0000,1.0000,0.0000,,0.0000,0.5146,0.4854,
470,0.0000,1.0000,0.0000,,0.0000,0.5201,0.4799,
471,0.0000,1.0000,0.0000,,0.0000,0.5246,0.4754,
472,0.0000,1.0000,0.0000,,0.0000,0.5281,0.4719,
473,0.0000,1.0000,0.0000,,0.0000,0.5311,0.4689,
474,0.0000,1.0000,0.0000,,0.0000,0.5343,0.4657,
475,0.0000,1.0000,0.0000,,0.0000,0.5376,0.4624,
476,0.0000,1.0000,0.0000,,0.0000,0.5411,0.4589,
477,0.0000,1.0000,0.0000,,0.0000,0.5444,0.4556,
478,0.0000,1.0000,0.0000,,0.0000,0.5471,0.4529,
479,0.0000,1.0000,0.0000,,0.0000,0.5495,0.4505,
480,0.0000,1.0000,0.0000,,0.0000,0.5522,0.4478,
481,0.0000,1.0000,0.0000,,0.0000,0.5556,0.4444,
482,0.0000,1.0000,0.0000,,0.0000,0.5594,0.4406,
483,0.0000,1.0000,0.0000,,0.0000,0.5631,0.4369,
484,0.0000,1.0000,0.0000,,0.0000,0.5669,0.4331,
485,0.0000,1.0000,0.0000,,0.0000,0.5707,0.4293,
486,0.0000,1.0000,0.0000,,0.0000,0.5742,0.4258,
487,0.0000,1.0000,0.0000,,0.0000,0.5767,0.4233,
488,0.0000,1.0000,0.0000,,0.0000,0.5781,0.4219,
489,0.0000,1.0000,0.0000,,0.0000,0.5791,0.4209,
490,0.0000,1.0000,0.0000,,0.0000,0.5807,0.4193,
491,0.0000,1.0000,0.0000,,0.0000,0.5829,0.4171,
492,0.0000,1.0000,0.0000,,0.0000,0.5853,0.4147,
493,0.0000,1.0000,0.0000,,0.0000,0.5875,0.4125,
494,0.0000,1.0000,0.0000,,0.0000,0.5894,0.4106,
495,0.0000,1.0000,0.0000,,0.0000,0.5908,0.4092,
496,0.0000,1.0000,0.0000,,0.0000,0.5913,0.4087,
497,0.0000,1.0000,0.0000,,0.0000,0.5911,0.4089,
498,0.0000,1.0000,0.0000,,0.0000,0.5910,0.4090,
499,0.0000,1.0000,0.0000,,0.0000,0.5914,0.4086,
500,0.0000,1.0000,0.0000,,0.0000,0.5922,0.4078,
501,0.0000,1.0000,0.0000,,0.0000,0.5932,0.4068,
502,0.0000,1.0000,0.0000,,0.0000,0.5944,0.4056,
503,0.0000,1.0000,0.0000,,0.0000,0.5953,0.4047,
504,0.0000,1.0000,0.0000,,0.0000,0.5957,0.4043,
505,0.0000,1.0000,0.0000,,0.0000,0.5958,0.4042,
506,0.0000,1.0000,0.0000,,0.0000,0.5960,0.4040,
507,0.0000,1.0000,0.0000,,0.0000,0.5965,0.4035,
508,0.0000,1.0000,0.0000,,0.0000,0.5971,0.4029,
509,0.0000,1.0000,0.0000,,0.0000,0.5975,0.4025,
510,0.0000,1.0000,0.0000,,0.0000,0.5979,0.4021,
511,0.0000,1.0000,0.0000,,0.0000,0.5985,0.4015,
512,0.0000,1.0000,0.0000,,0.0000,0.5997,0.4003,
513,0.0000,1.0000,0.0000,,0.0000,0.6019,0.3981,
514,0.0000,1.0000,0.0000,,0.0000,0.6049,0.3951,
515,0.0000,1.0000,0.0000,,0.0000,0.6082,0.3918,
516,0.0000,1.0000,0.0000,,0.0000,0.6116,0.3884,
517,0.0000,1.0000,0.0000,,0.0000,0.6150,0.3850,
518,0.0000,1.0000,0.0000,,0.0000,0.6183,0.3817,
519,0.0000,1.0000,0.0000,,0.0000,0.6212,0.3788,
520,0.0000,1.0000,0.0000,,0.0000,0.6233,0.3767,
521,0.0000,1.0000,0.0000,,0.0000,0.6246,0.3754,
522,0.0000,1.0000,0.0000,,0.0000,0.6253,0.3747,
523,0.0000,1.0000,0.0000,,0.0000,0.6252,0.3748,
524,0.0000,1.0000,0.0000,,0.0000,0.6238,0.3762,
525,0.0000,1.0000,0.0000,,0.0000,0.6212,0.3788,
526,0.0000,1.0000,0.0000,,0.0000,0.6178,0.3822,
527,0.0000,1.0000,0.0000,,0.0000,0.6141,0.3859,
528,0.0000,1.0000,0.0000,,0.0000,0.6106,0.3894,
529,0.0000,1.0000,0.0000,,0.0000,0.6073,0.3927,
530,0.0000,1.0000,0.0000,,0.0000,0.6043,0.3957,
531,0.0000,1.0000,0.0000,,0.0000,0.6015,0.3985,
532,0.0000,1.0000,0.0000,,0.0000,0.5990,0.4010,
533,0.0000,1.0000,0.0000,,0.0000,0.5968,0.4032,
534,0.0000,1.0000,0.0000,,0.0000,0.5946,0.4054,
535,0.0000,1.0000,0.0000,,0.0000,0.5924,0.4076,
536,0.0000,1.0000,0.0000,,0.0000,0.5902,0.4098,
537,0.0000,1.0000,0.0000,,0.0000,0.5880,0.4120,
538,0.0000,1.0000,0.0000,,0.0000,0.5862,0.4138,
539,0.0000,1.0000,0.0000,,0.0000,0.5852,0.4148,
540,0.0000,1.0000,0.0000,,0.0000,0.5852,0.4148,
541,0.0000,1.0000,0.0000,,0.0000,0.5861,0.4139,
542,0.0000,1.0000,0.0000,,0.0000,0.5873,0.4127,
543,0.0000,1.0000,0.0000,,0.0000,0.5887,0.4113,
544,0.0000,1.0000,0.0000,,0.0000,0.5903,0.4097,
545,0.0000,1.0000,0.0000,,0.0000,0.5919,0.4081,
546,0.0000,1.0000,0.0000,,0.0000,0.5939,0.4061,
547,0.0000,1.0000,0.0000,,0.0000,0.5960,0.4040,
548,0.0000,1.0000,0.0000,,0.0000,0.5980,0.4020,
549,0.0000,1.0000,0.0000,,0.0000,0.6001,0.3999,
550,0.0000,1.0000,0.0000,,0.0000,0.6024,0.3976,
551,0.0000,1.0000,0.0000,,0.0000,0.6049,0.3951,
552,0.0000,1.0000,0.0000,,0.0000,0.6079,0.3921,
553,0.0000,1.0000,0.0000,,0.0000,0.6118,0.3882,
554,0.0000,1.0000,0.0000,,0.0000,0.6165,0.3835,
555,0.0000,1.0000,0.0000,,0.0000,0.6216,0.3784,
556,0.0000,1.0000,0.0000,,0.0000,0.6268,0.3732,
557,0.0000,1.0000,0.0000,,0.0000,0.6323,0.3677,
558,0.0000,1.0000,0.0000,,0.0000,0.6387,0.3613,
559,0.0000,1.0000,0.0000,,0.0000,0.6461,0.3539,
560,0.0000,1.0000,0.0000,,0.0000,0.6535,0.3465,
561,0.0000,1.0000,0.0000,,0.0000,0.6605,0.3395,
562,0.0000,1.0000,0.0000,,0.0000,0.6675,0.3325,
563,0.0000,1.0000,0.0000,,0.0000,0.6751,0.3249,
564,0.0000,1.0000,0.0000,,0.0000,0.6830,0.3170,
565,0.0000,1.0000,0.0000,,0.0000,0.6908,0.3092,
566,0.0000,1.0000,0.0000,,0.0000,0.6980,0.3020,
567,0.0000,1.0000,0.0000,,0.0000,0.7049,0.2951,
568,0.0000,1.0000,0.0000,,0.0000,0.7121,0.2879,
569,0.0000,1.0000,0.0000,,0.0000,0.7197,0.2803,
570,0.0000,1.0000,0.0000,,0.0000,0.7276,0.2724,
571,0.0000,1.0000,0.0000,,0.0000,0.7350,0.2650,
572,0.0000,1.0000,0.0000,,0.0000,0.7412,0.2588,
573,0.0000,1.0000,0.0000,,0.0000,0.7464,0.2536,
574,0.0000,1.0000,0.0000,,0.0000,0.7507,0.2493,
575,0.0000,1.0000,0.0000,,0.0000,0.7544,0.2456,
576,0.0000,1.0000,0.0000,,0.0000,0.7578,0.2422,
577,0.0000,1.0000,0.0000,,0.0000,0.7610,0.2390,
578,0.0000,1.0000,0.0000,,0.0000,0.7640,0.2360,
579,0.0000,1.0000,0.0000,,0.0000,0.7671,0.2329,
580,0.0000,1.0000,0.0000,,0.0000,0.7704,0.2296,
581,0.0000,1.0000,0.0000,,0.0000,0.7738,0.2262,
582,0.0000,1.0000,0.0000,,0.0000,0.7774,0.2226,
583,0.0000,1.0000,0.0000,,0.0000,0.7811,0.2189,
584,0.0000,1.0000,0.0000,,0.0000,0.7848,0.2152,
585,0.0000,1.0000,0.0000,,0.0000,0.7884,0.2116,
586,0.0000,1.0000,0.0000,,0.0000,0.7919,0.2081,
587,0.0000,1.0000,0.0000,,0.0000,0.7953,0.2047,
588,0.0000,1.0000,0.0000,,0.0000,0.7985,0.2015,
589,0.0000,1.0000,0.0000,,0.0000,0.8015,0.1985,
590,0.0000,1.0000,0.0000,,0.0000,0.8043,0.1957,
591,0.0000,1.0000,0.0000,,0.0000,0.8069,0.1931,
592,0.0000,1.0000,0.0000,,0.0000,0.8097,0.1903,
593,0.0000,1.0000,0.0000,,0.0000,0.8126,0.1874,
594,0.0000,1.0000,0.0000,,0.0000,0.8156,0.1844,
595,0.0000,1.0000,0.0000,,0.0000,0.8189,0.1811,
596,0.0000,1.0000,0.0000,,0.0000,0.8224,0.1776,
597,0.0000,1.0000,0.0000,,0.0000,0.8259,0.1741,
598,0.0000,1.0000,0.0000,,0.0000,0.8292,0.1708,
599,0.0000,1.0000,0.0000,,0.0000,0.8322,0.1678,
600,0.0000,1.0000,0.0000,,0.0000,0.8354,0.1646,
601,0.0000,1.0000,0.0000,,0.0000,0.8393,0.1607,
602,0.0000,1.0000,0.0000,,0.0000,0.8436,0.1564,
603,0.0000,1.0000,0.0000,,0.0000,0.8480,0.1520,
604,0.0000,1.0000,0.0000,,0.0000,0.8524,0.1476,
605,0.0000,1.0000,0.0000,,0.0000,0.8567,0.1433,
606,0.0000,1.0000,0.0000,,0.0000,0.8609,0.1391,
607,0.0000,1.0000,0.0000,,0.0000,0.8651,0.1349,
608,0.0000,1.0000,0.0000,,0.0000,0.8693,0.1307,
609,0.0000,1.0000,0.0000,,0.0000,0.8734,0.1266,
610,0.0000,1.0000,0.0000,,0.0000,0.8775,0.1225,
611,0.0000,1.0000,0.0000,,0.0000,0.8812,0.1188,
612,0.0000,1.0000,0.0000,,0.0000,0.8846,0.1154,
613,0.0000,1.0000,0.0000,,0.0000,0.8877,0.1123,
614,0.0000,1.0000,0.0000,,0.0000,0.8909,0.1091,
615,0.0000,1.0000,0.0000,,0.0000,0.8943,0.1057,
616,0.0000,1.0000,0.0000,,0.0000,0.8978,0.1022,
617,0.0000,1.0000,0.0000,,0.0000,0.9013,0.0987,
618,0.0000,1.0000,0.0000,,0.0000,0.9046,0.0954,
619,0.0000,1.0000,0.0000,,0.0000,0.9075,0.0925,
620,0.0000,1.0000,0.0000,,0.0000,0.9100,0.0900,
621,0.0000,1.0000,0.0000,,0.0000,0.9121,0.0879,
622,0.0000,1.0000,0.0000,,0.0000,0.9140,0.0860,
623,0.0000,1.0000,0.0000,,0.0000,0.9158,0.0842,
624,0.0000,1.0000,0.0000,,0.0000,0.9175,0.0825,
625,0.0000,1.0000,0.0000,,0.0000,0.9191,0.0809,
626,0.0000,1.0000,0.0000,,0.0000,0.9206,0.0794,
627,0.0000,1.0000,0.0000,,0.0000,0.9220,0.0780,
628,0.0000,1.0000,0.0000,,0.0000,0.9233,0.0767,
629,0.0000,1.0000,0.0000,,0.0000,0.9246,0.0754,
630,0.0000,1.0000,0.0000,,0.0000,0.9259,0.0741,
631,0.0000,1.0000,0.0000,,0.0000,0.9272,0.0728,
632,0.0000,1.0000,0.0000,,0.0000,0.9286,0.0714,
633,0.0000,1.0000,0.0000,,0.0000,0.9299,0.0701,
634,0.0000,1.0000,0.0000,,0.0000,0.9312,0.0688,
635,0.0000,1.0000,0.0000,,0.0000,0.9325,0.0675,
636,0.0000,1.0000,0.0000,,0.0000,0.9336,0.0664,
637,0.0000,1.0000,0.0000,,0.0000,0.9346,0.0654,
638,0.0000,1.0000,0.0000,,0.0000,0.9357,0.0643,
639,0.0000,1.0000,0.0000,,0.0000,0.9368,0.0632,
640,0.0000,1.0000,0.0000,,0.0000,0.9380,0.0620,
641,0.0000,1.0000,0.0000,,0.0000,0.9393,0.0607,
642,0.0000,1.0000,0.0000,,0.0000,0.9407,0.0593,
643,0.0000,1.0000,0.0000,,0.0000,0.9421,0.0579,
644,0.0000,1.0000,0.0000,,0.0000,0.9433,0.0567,
645,0.0000,1.0000,0.0000,,0.0000,0.9446,0.0554,
646,0.0000,1.0000,0.0000,,0.0000,0.9461,0.0539,
647,0.0000,1.0000,0.0000,,0.0000,0.9480,0.0520,
648,0.0000,1.0000,0.0000,,0.0000,0.9503,0.0497,
649,0.0000,1.0000,0.0000,,0.0000,0.9527,0.0473,
650,0.0000,1.0000,0.0000,,0.0000,0.9550,0.0450,
651,0.0000,1.0000,0.0000,,0.0000,0.9570,0.0430,
652,0.0000,1.0000,0.0000,,0.0000,0.9587,0.0413,
653,0.0000,1.0000,0.0000,,0.0000,0.9603,0.0397,
654,0.0000,1.0000,0.0000,,0.0000,0.9619,0.0381,
655,0.0000,1.0000,0.0000,,0.0000,0.9633,0.0367,
656,0.0000,1.0000,0.0000,,0.0000,0.9647,0.0353,
657,0.0000,1.0000,0.0000,,0.0000,0.9659,0.0341,
658,0.0000,1.0000,0.0000,,0.0000,0.9670,0.0330,
659,0.0000,1.0000,0.0000,,0.0000,0.9680,0.0320,
660,0.0000,1.0000,0.0000,,0.0000,0.9689,0.0311,
661,0.0000,1.0000,0.0000,,0.0000,0.9699,0.0301,
662,0.0000,1.0000,0.0000,,0.0000,0.9707,0.0293,
663,0.0000,1.0000,0.0000,,0.0000,0.9715,0.0285,
664,0.0000,1.0000,0.0000,,0.0000,0.9723,0.0277,
665,0.0000,1.0000,0.0000,,0.0000,0.9729,0.0271,
666,0.0000,1.0000,0.0000,,0.0000,0.9735,0.0265,
667,0.0000,1.0000,0.0000,,0.0000,0.9740,0.0260,
668,0.0000,1.0000,0.0000,,0.0000,0.9746,0.0254,
669,0.0000,1.0000,0.0000,,0.0000,0.9752,0.0248,
670,0.0000,1.0000,0.0000,,0.0000,0.9759,0.0241,
671,0.0000,1.0000,0.0000,,0.0000,0.9766,0.0234,
672,0.0000,1.0000,0.0000,,0.0000,0.9773,0.0227,
673,0.0000,1.0000,0.0000,,0.0000,0.9778,0.0222,
674,0.0000,1.0000,0.0000,,0.0000,0.9783,0.0217,
675,0.0000,1.0000,0.0000,,0.0000,0.9786,0.0214,
676,0.0000,1.0000,0.0000,,0.0000,0.9788,0.0212,
677,0.0000,1.0000,0.0000,,0.0000,0.9790,0.0210,
678,0.0000,1.0000,0.0000,,0.0000,0.9792,0.0208,
679,0.0000,1.0000,0.0000,,0.0000,0.9793,0.0207,
680,0.0000,1.0000,0.0000,,0.0000,0.9794,0.0206,
681,0.0000,1.0000,0.0000,,0.0000,0.9795,0.0205,
682,0.0000,1.0000,0.0000,,0.0000,0.9796,0.0204,
683,0.0000,1.0000,0.0000,,0.0000,0.9797,0.0203,
684,0.0000,1.0000,0.0000,,0.0000,0.9798,0.0202,
685,0.0000,1.0000,0.0000,,0.0000,0.9799,0.0201,
686,0.0000,1.0000,0.0000,,0.0000,0.9800,0.0200,
687,0.0000,1.0000,0.0000,,0.0000,0.9801,0.0199,
688,0.0000,1.0000,0.0000,,0.0000,0.9801,0.0199,
689,0.0000,1.0000,0.0000,,0.0000,0.9802,0.0198,
690,0.0000,1.0000,0.0000,,0.0000,0.9802,0.0198,
691,0.0000,1.0000,0.0000,,0.0000,0.9804,0.0196,
692,0.0000,1.0000,0.0000,,0.0000,0.9806,0.0194,
693,0.0000,1.0000,0.0000,,0.0000,0.9809,0.0191,
694,0.0000,1.0000,0.0000,,0.0000,0.9812,0.0188,
695,0.0000,1.0000,0.0000,,0.0000,0.9816,0.0184,
696,0.0000,1.0000,0.0000,,0.0000,0.9819,0.0181,
697,0.0000,1.0000,0.0000,,0.0000,0.9822,0.0178,
698,0.0000,1.0000,0.0000,,0.0000,0.9824,0.0176,
699,0.0000,1.0000,0.0000,,0.0000,0.9826,0.0174,
700,0.0000,1.0000,0.0000,,0.0000,0.9828,0.0172,
701,0.0000,1.0000,0.0000,,0.0000,0.9830,0.0170,
702,0.0000,1.0000,0.0000,,0.0000,0.9832,0.0168,
703,0.0000,1.0000,0.0000,,0.0000,0.9832,0.0168,
704,0.0000,1.0000,0.0000,,0.0000,0.9833,0.0167,
705,0.0000,1.0000,0.0000,,0.0000,0.9833,0.0167,
706,0.0000,1.0000,0.0000,,0.0000,0.9833,0.0167,
707,0.0000,1.0000,0.0000,,0.0000,0.9833,0.0167,
708,0.0000,1.0000,0.0000,,0.0000,0.9832,0.0168,
709,0.0000,1.0000,0.0000,,0.0000,0.9831,0.0169,
710,0.0000,1.0000,0.0000,,0.0000,0.9831,0.0169,
711,0.0000,1.0000,0.0000,,0.0000,0.9832,0.0168,
712,0.0000,1.0000,0.0000,,0.0000,0.9835,0.0165,
713,0.0000,1.0000,0.0000,,0.0000,0.9837,0.0163,
714,0.0000,1.0000,0.0000,,0.0000,0.9839,0.0161,
715,0.0000,1.0000,0.0000,,0.0000,0.9841,0.0159,
716,0.0000,1.0000,0.0000,,0.0000,0.9844,0.0156,
717,0.0000,1.0000,0.0000,,0.0000,0.9847,0.0153,
718,0.0000,1.0000,0.0000,,0.0000,0.9851,0.0149,
719,0.0000,1.0000,0.0000,,0.0000,0.9855,0.0145,
720,0.0000,1.0000,0.0000,,0.0000,0.9859,0.0141,
721,0.0000,1.0000,0.0000,,0.0000,0.9863,0.0137,
722,0.0000,1.0000,0.0000,,0.0000,0.9866,0.0134,
723,0.0000,1.0000,0.0000,,0.0000,0.9870,0.0130,
724,0.0000,1.0000,0.0000,,0.0000,0.9874,0.0126,
725,0.0000,1.0000,0.0000,,0.0000,0.9878,0.0122,
726,0.0000,1.0000,0.0000,,0.0000,0.9882,0.0118,
727,0.0000,1.0000,0.0000,,0.0000,0.9887,0.0113,
728,0.0000,1.0000,0.0000,,0.0000,0.9891,0.0109,
729,0.0000,1.0000,0.0000,,0.0000,0.9895,0.0105,
730,0.0000,1.0000,0.0000,,0.0000,0.9899,0.0101,
731,0.0000,1.0000,0.0000,,0.0000,0.9902,0.0098,
732,0.0000,1.0000,0.0000,,0.0000,0.9906,0.0094,
733,0.0000,1.0000,0.0000,,0.0000,0.9909,0.0091,
734,0.0000,1.0000,0.0000,,0.0000,0.9913,0.0087,
735,0.0000,1.0000,0.0000,,0.0000,0.9917,0.0083,
736,0.0000,1.0000,0.0000,,0.0000,0.9920,0.0080,
737,0.0000,1.0000,0.0000,,0.0000,0.9924,0.0076,
738,0.0000,1.0000,0.0000,,0.0000,0.9928,0.0072,
739,0.0000,1.0000,0.0000,,0.0000,0.9931,0.0069,
740,0.0000,1.0000,0.0000,,0.0000,0.9934,0.0066,
741,0.0000,1.0000,0.0000,,0.0000,0.9937,0.0063,
742,0.0000,1.0000,0.0000,,0.0000,0.9940,0.0060,
743,0.0000,1.0000,0.0000,,0.0000,0.9942,0.0058,
744,0.0000,1.0000,0.0000,,0.0000,0.9944,0.0056,
745,0.0000,1.0000,0.0000,,0.0000,0.9946,0.0054,
746,0.0000,1.0000,0.0000,,0.0000,0.9948,0.0052,
747,0.0000,1.0000,0.0000,,0.0000,0.9949,0.0051,
748,0.0000,1.0000,0.0000,,0.0000,0.9950,0.0050,
749,0.0000,1.0000,0.0000,,0.0000,0.9951,0.0049,
750,0.0000,1.0000,0.0000,,0.0000,0.9952,0.0048,
751,0.0000,1.0000,0.0000,,0.0000,0.9953,0.0047,
752,0.0000,1.0000,0.0000,,0.0000,0.9955,0.0045,
753,0.0000,1.0000,0.0000,,0.0000,0.9956,0.0044,
754,0.0000,1.0000,0.0000,,0.0000,0.9957,0.0043,
755,0.0000,1.0000,0.0000,,0.0000,0.9958,0.0042,
756,0.0000,1.0000,0.0000,,0.0000,0.9959,0.0041,
757,0.0000,1.0000,0.0000,,0.0000,0.9959,0.0041,
758,0.0000,1.0000,0.0000,,0.0000,0.9960,0.0040,
759,0.0000,1.0000,0.0000,,0.0000,0.9960,0.0040,
760,0.0000,1.0000,0.0000,,0.0000,0.9960,0.0040,
761,0.0000,1.0000,0.0000,,0.0000,0.9961,0.0039,
762,0.0000,1.0000,0.0000,,0.0000,0.9961,0.0039,
763,0.0000,1.0000,0.0000,,0.0000,0.9961,0.0039,
764,0.0000,1.0000,0.0000,,0.0000,0.9962,0.0038,
765,0.0000,1.0000,0.0000,,0.0000,0.9963,0.0037,
766,0.0000,1.0000,0.0000,,0.0000,0.9964,0.0036,
767,0.0000,1.0000,0.0000,,0.0000,0.9964,0.0036,
768,0.0000,1.0000,0.0000,,0.0000,0.9965,0.0035,
769,0.0000,1.0000,0.0000,,0.0000,0.9965,0.0035,
770,0.0000,1.0000,0.0000,,0.0000,0.9965,0.0035,
771,0.0000,1.0000,0.0000,,0.0000,0.9965,0.0035,
772,0.0000,1.0000,0.0000,,0.0000,0.9965,0.0035,
773,0.0000,1.0000,0.0000,,0.0000,0.9966,0.0034,
774,0.0000,1.0000,0.0000,,0.0000,0.9966,0.0034,
775,0.0000,1.0000,0.0000,,0.0000,0.9966,0.0034,
776,0.0000,1.0000,0.0000,,0.0000,0.9967,0.0033,
777,0.0000,1.0000,0.0000,,0.0000,0.9967,0.0033,
778,0.0000,1.0000,0.0000,,0.0000,0.9968,0.0032,
779,0.0000,1.0000,0.0000,,0.0000,0.9968,0.0032,
780,0.0000,1.0000,0.0000,,0.0000,0.9969,0.0031,
781,0.0000,1.0000,0.0000,,0.0000,0.9969,0.0031,
782,0.0000,1.0000,0.0000,,0.0000,0.9970,0.0030,
783,0.0000,1.0000,0.0000,,0.0000,0.9970,0.0030,
784,0.0000,1.0000,0.0000,,0.0000,0.9971,0.0029,
785,0.0000,1.0000,0.0000,,0.0000,0.9972,0.0028,
786,0.0000,1.0000,0.0000,,0.0000,0.9972,0.0028,
787,0.0000,1.0000,0.0000,,0.0000,0.9973,0.0027,
788,0.0000,1.0000,0.0000,,0.0000,0.9974,0.0026,
789,0.0000,1.0000,0.0000,,0.0000,0.9974,0.0026,
790,0.0000,1.0000,0.0000,,0.0000,0.9975,0.0025,
791,0.0000,1.0000,0.0000,,0.0000,0.9976,0.0024,
792,0.0000,1.0000,0.0000,,0.0000,0.9977,0.0023,
793,0.0000,1.0000,0.0000,,0.0000,0.9978,0.0022,
794,0.0000,1.0000,0.0000,,0.0000,0.9978,0.0022,
795,0.0000,1.0000,0.0000,,0.0000,0.9979,0.0021,
796,0.0000,1.0000,0.0000,,0.0000,0.9980,0.0020,
797,0.0000,1.0000,0.0000,,0.0000,0.9980,0.0020,
798,0.0000,1.0000,0.0000,,0.0000,0.9980,0.0020,
799,0.0000,1.0000,0.0000,,0.0000,0.9980,0.0020,
800,0.0000,1.0000,0.0000,,0.0000,0.9981,0.0019,
801,0.0000,1.0000,0.0000,,0.0000,0.9981,0.0019,
802,0.0000,1.0000,0.0000,,0.0000,0.9981,0.0019,
803,0.0000,1.0000,0.0000,,0.0000,0.9981,0.0019,
804,0.0000,1.0000,0.0000,,0.0000,0.9981,0.0019,
805,0.0000,1.0000,0.0000,,0.0000,0.9981,0.0019,
806,0.0000,1.0000,0.0000,,0.0000,0.9981,0.0019,
807,0.0000,1.0000,0.0000,,0.0000,0.9980,0.0020,
808,0.0000,1.0000,0.0000,,0.0000,0.9980,0.0020,
809,0.0000,1.0000,0.0000,,0.0000,0.9979,0.0021,
810,0.0000,1.0000,0.0000,,0.0000,0.9979,0.0021,
811,0.0000,1.0000,0.0000,,0.0000,0.9978,0.0022,
812,0.0000,1.0000,0.0000,,0.0000,0.9978,0.0022,
813,0.0000,1.0000,0.0000,,0.0000,0.9977,0.0023,
814,0.0000,1.0000,0.0000,,0.0000,0.9977,0.0023,
815,0.0000,1.0000,0.0000,,0.0000,0.9976,0.0024,
816,0.0000,1.0000,0.0000,,0.0000,0.9976,0.0024,
817,0.0000,1.0000,0.0000,,0.0000,0.9976,0.0024,
818,0.0000,1.0000,0.0000,,0.0000,0.9976,0.0024,
819,0.0000,1.0000,0.0000,,0.0000,0.9975,0.0025,
820,0.0000,1.0000,0.0000,,0.0000,0.9975,0.0025,
821,0.0000,1.0000,0.0000,,0.0000,0.9975,0.0025,
822,0.0000,1.0000,0.0000,,0.0000,0.9974,0.0026,
823,0.0000,1.0000,0.0000,,0.0000,0.9973,0.0027,
824,0.0000,1.0000,0.0000,,0.0000,0.9973,0.0027,
825,0.0000,1.0000,0.0000,,0.0000,0.9972,0.0028,
826,0.0000,1.0000,0.0000,,0.0000,0.9972,0.0028,
827,0.0000,1.0000,0.0000,,0.0000,0.9971,0.0029,
828,0.0000,1.0000,0.0000,,0.0000,0.9971,0.0029,
829,0.0000,1.0000,0.0000,,0.0000,0.9970,0.0030,
830,0.0000,1.0000,0.0000,,0.0000,0.9970,0.0030,
831,0.0000,1.0000,0.0000,,0.0000,0.9970,0.0030,
832,0.0000,1.0000,0.0000,,0.0000,0.9969,0.0031,
833,0.0000,1.0000,0.0000,,0.0000,0.9969,0.0031,
