0.340443,0.470227,0.115518,0.073812
0.340381,0.47068,0.115298,0.073641
0.340287,0.471178,0.115071,0.073464
0.340155,0.471725,0.11484,0.07328
0.339989,0.472311,0.114611,0.07309
0.339802,0.472921,0.114385,0.072892
0.339603,0.473545,0.114163,0.072689
0.339391,0.474182,0.113947,0.07248
0.339169,0.474828,0.113735,0.072268
0.338954,0.475466,0.113526,0.072053
0.338753,0.476093,0.113316,0.071837
0.338559,0.476724,0.1131,0.071617
0.338357,0.477372,0.112878,0.071393
0.338151,0.478026,0.112656,0.071167
0.33795,0.478671,0.112436,0.070943
0.337756,0.479308,0.112216,0.07072
0.337567,0.479939,0.111996,0.070497
0.33739,0.480554,0.11178,0.070276
0.337224,0.481152,0.111568,0.070056
0.337064,0.481736,0.11136,0.06984
0.336905,0.482316,0.111152,0.069627
0.336739,0.482907,0.110941,0.069413
0.336558,0.483523,0.110722,0.069196
0.336352,0.484176,0.110496,0.068977
0.336116,0.484863,0.110265,0.068756
0.335859,0.485568,0.110036,0.068537
0.335594,0.486272,0.109815,0.06832
0.335322,0.486981,0.109598,0.068099
0.335034,0.487717,0.10938,0.06787
0.334726,0.488482,0.109158,0.067634
0.334409,0.489261,0.108936,0.067395
0.334094,0.490031,0.108717,0.067158
0.333786,0.490788,0.108502,0.066924
0.333477,0.49154,0.108288,0.066694
0.333166,0.492295,0.108073,0.066466
0.332852,0.493051,0.107857,0.06624
0.332542,0.493801,0.107641,0.066016
0.332238,0.494537,0.107428,0.065797
0.33194,0.495254,0.107223,0.065583
0.331654,0.495946,0.107029,0.065371
0.331386,0.496608,0.106847,0.06516
0.331144,0.497233,0.106676,0.064948
0.330929,0.497826,0.106514,0.064731
0.330735,0.498398,0.106358,0.06451
0.330555,0.49896,0.106201,0.064283
0.33038,0.499527,0.106042,0.064052
0.330204,0.500099,0.105879,0.063817
0.33004,0.500665,0.105713,0.063582
0.329899,0.501213,0.105542,0.063345
0.329776,0.501755,0.105361,0.063107
0.329661,0.502305,0.105167,0.062867
0.329544,0.502873,0.104958,0.062625
0.32942,0.503462,0.104736,0.062382
0.329287,0.504071,0.104505,0.062136
0.329146,0.504694,0.10427,0.06189
0.328999,0.505318,0.104035,0.061648
0.328851,0.505932,0.103805,0.061411
0.328699,0.506545,0.103577,0.061178
0.328537,0.507168,0.10335,0.060945
0.328366,0.507803,0.103121,0.06071
0.32819,0.508442,0.102894,0.060474
0.328012,0.509082,0.10267,0.060237
0.327835,0.509719,0.102449,0.059997
0.327658,0.510358,0.102228,0.059755
0.327484,0.511001,0.102005,0.05951
0.327312,0.511642,0.101783,0.059263
0.327148,0.512271,0.101567,0.059014
0.326993,0.512887,0.10136,0.05876
0.326845,0.513491,0.101161,0.058504
0.3267,0.514083,0.100971,0.058246
0.326557,0.514666,0.100786,0.057991
0.326407,0.515252,0.100603,0.057737
0.326243,0.515856,0.100421,0.057481
0.326058,0.516483,0.100236,0.057222
0.325848,0.517144,0.100046,0.056961
0.325615,0.517839,0.09985,0.056697
0.325372,0.518548,0.099648,0.056431
0.325144,0.519245,0.099446,0.056165
0.324945,0.519908,0.099247,0.0559
0.324784,0.52053,0.099054,0.055632
0.324665,0.521109,0.098866,0.05536
0.32459,0.521647,0.098679,0.055084
0.324557,0.522147,0.098489,0.054807
0.32456,0.522612,0.098298,0.05453
0.324583,0.523053,0.098109,0.054255
0.324611,0.523482,0.097921,0.053985
0.32464,0.523907,0.097734,0.053719
0.324668,0.524332,0.097545,0.053455
0.324697,0.52476,0.097353,0.05319
0.32472,0.525198,0.097158,0.052924
0.324737,0.525647,0.096962,0.052655
0.324749,0.526104,0.096765,0.052382
0.324763,0.526557,0.096571,0.052109
0.324786,0.526997,0.09638,0.051837
0.324824,0.527417,0.096192,0.051567
0.324879,0.527815,0.096007,0.051298
0.324946,0.528196,0.095828,0.05103
0.325013,0.528569,0.095656,0.050762
0.325066,0.528952,0.095487,0.050495
0.325101,0.529353,0.095316,0.05023
0.325124,0.529764,0.095143,0.049968
0.325143,0.530177,0.094969,0.049711
0.325156,0.530593,0.094795,0.049456
0.325152,0.531027,0.094618,0.049203
0.325128,0.531482,0.094438,0.048952
0.325094,0.531945,0.094257,0.048704
0.325067,0.532398,0.094078,0.048457
0.325049,0.532845,0.093898,0.048208
0.325029,0.533307,0.093709,0.047955
0.324988,0.533808,0.093507,0.047697
0.324914,0.534355,0.093293,0.047437
0.324814,0.534935,0.093073,0.047178
0.324715,0.535519,0.092846,0.04692
0.32464,0.536081,0.092616,0.046663
0.324594,0.536617,0.092381,0.046407
0.324571,0.537134,0.092143,0.046151
0.324561,0.53764,0.091902,0.045897
0.324555,0.538139,0.091661,0.045645
0.324547,0.538639,0.091419,0.045395
0.324531,0.539146,0.091177,0.045146
0.324509,0.539659,0.090935,0.044897
0.32448,0.540182,0.090691,0.044648
0.324435,0.540722,0.090445,0.044398
0.324364,0.541292,0.090198,0.044146
0.32426,0.5419,0.089947,0.043894
0.324128,0.542536,0.089695,0.043641
0.323985,0.54318,0.089446,0.043389
0.323838,0.54382,0.089204,0.043138
0.323682,0.544462,0.088969,0.042887
0.323511,0.545117,0.088738,0.042634
0.323332,0.545778,0.088511,0.042379
0.323159,0.546429,0.088287,0.042124
0.322994,0.547068,0.088067,0.041871
0.322826,0.547702,0.087853,0.041619
0.322656,0.54833,0.087648,0.041366
0.322493,0.548943,0.087452,0.041112
0.322349,0.549531,0.087261,0.040859
0.322226,0.550094,0.087071,0.040609
0.322119,0.550639,0.08688,0.040361
0.322021,0.551172,0.086691,0.040115
0.321927,0.551693,0.086507,0.039872
0.321835,0.552202,0.086329,0.039633
0.321748,0.552697,0.086155,0.0394
0.32167,0.553176,0.085982,0.039172
0.321605,0.553637,0.085811,0.038947
0.321552,0.554081,0.085643,0.038724
0.321504,0.554511,0.08548,0.038505
0.321451,0.554937,0.085322,0.038289
0.32139,0.555369,0.085164,0.038077
0.321313,0.555815,0.085007,0.037865
0.321224,0.556271,0.084852,0.037653
0.321137,0.556723,0.084701,0.037439
0.321068,0.557154,0.084553,0.037225
0.321025,0.55756,0.084405,0.037009
0.321005,0.557946,0.084258,0.036792
0.320994,0.558317,0.084113,0.036576
0.320978,0.558688,0.083973,0.036361
0.320951,0.559069,0.083833,0.036147
0.320917,0.559466,0.083684,0.035934
0.32088,0.559874,0.083526,0.03572
0.320842,0.560291,0.083362,0.035504
0.320796,0.560718,0.083199,0.035287
0.320738,0.561153,0.08304,0.035069
0.320671,0.561589,0.082889,0.034851
0.320601,0.562019,0.082745,0.034635
0.320529,0.562445,0.082606,0.034419
0.320461,0.562867,0.082468,0.034204
0.320403,0.563283,0.082326,0.033988
0.320359,0.563694,0.082177,0.033771
0.320326,0.564102,0.082019,0.033552
0.320302,0.564508,0.081857,0.033333
0.320282,0.56491,0.081695,0.033113
0.320261,0.565307,0.081538,0.032893
0.320237,0.565702,0.081387,0.032674
0.320217,0.566089,0.08124,0.032454
0.320209,0.566458,0.081099,0.032235
0.320215,0.566804,0.080962,0.032018
0.320236,0.567131,0.080829,0.031804
0.32027,0.567439,0.080698,0.031593
0.320315,0.567732,0.080566,0.031386
0.320369,0.568015,0.080432,0.031184
0.32043,0.568292,0.080294,0.030983
0.320502,0.568564,0.080152,0.030783
0.320593,0.568822,0.080003,0.030582
0.320709,0.569061,0.07985,0.030381
0.320856,0.569272,0.079692,0.03018
0.321035,0.569454,0.079532,0.029979
0.321237,0.569619,0.079366,0.029777
0.321446,0.569782,0.079196,0.029576
0.321654,0.569942,0.079026,0.029378
0.321868,0.570089,0.07886,0.029183
0.322098,0.570217,0.078697,0.028988
0.322352,0.570324,0.078533,0.028791
0.322637,0.570404,0.078367,0.028593
0.322948,0.570458,0.078199,0.028395
0.323265,0.57051,0.078028,0.028197
0.323568,0.570579,0.077854,0.027999
0.323849,0.570668,0.07768,0.027803
0.324116,0.570767,0.077508,0.027609
0.324376,0.570868,0.07734,0.027417
0.32463,0.570967,0.077174,0.027228
0.324881,0.571064,0.07701,0.027045
0.325132,0.571156,0.076845,0.026866
0.325386,0.57124,0.076682,0.026691
0.325647,0.571314,0.076522,0.026518
0.325913,0.571377,0.076365,0.026344
0.326184,0.571434,0.076213,0.02617
0.326458,0.571487,0.076059,0.025996
0.326738,0.571536,0.075903,0.025823
0.327023,0.571574,0.075751,0.025652
0.327308,0.571602,0.075607,0.025482
0.327588,0.571628,0.07547,0.025314
0.327873,0.571646,0.075335,0.025147
0.328176,0.57164,0.075204,0.02498
0.328504,0.571603,0.075079,0.024814
0.328851,0.571542,0.074959,0.024647
0.329215,0.571464,0.07484,0.024481
0.329596,0.571372,0.074719,0.024314
0.329986,0.57127,0.074598,0.024147
0.33038,0.571161,0.074479,0.023979
0.330777,0.571046,0.074366,0.023811
0.33117,0.570928,0.074259,0.023644
0.331553,0.570816,0.074155,0.023477
0.331929,0.570707,0.074054,0.02331
0.332303,0.5706,0.073953,0.023144
0.332674,0.570498,0.073851,0.022977
0.333043,0.570399,0.073748,0.02281
0.333411,0.570298,0.073648,0.022643
0.333784,0.570191,0.073551,0.022475
0.334168,0.57007,0.073457,0.022305
0.334565,0.569934,0.073366,0.022136
0.33497,0.569789,0.073275,0.021967
0.335378,0.56964,0.073183,0.021799
0.335789,0.569488,0.07309,0.021633
0.336202,0.569331,0.072998,0.021469
0.336618,0.569167,0.072907,0.021308
0.337034,0.568999,0.072818,0.021149
0.337448,0.568831,0.072729,0.020991
0.337864,0.568657,0.072644,0.020835
0.338292,0.568465,0.072562,0.02068
0.338738,0.56825,0.072485,0.020527
0.339206,0.568011,0.07241,0.020373
0.339701,0.567745,0.072336,0.020218
0.340222,0.567455,0.072262,0.020062
0.340756,0.567152,0.072185,0.019906
0.341285,0.566855,0.072106,0.019753
0.341795,0.566575,0.072027,0.019604
0.342287,0.566311,0.071946,0.019456
0.34277,0.566055,0.071867,0.019308
0.343249,0.565801,0.071789,0.019161
0.343724,0.565546,0.071714,0.019016
0.344195,0.56529,0.071641,0.018875
0.344659,0.565037,0.071568,0.018736
0.345111,0.564793,0.071498,0.018598
0.345545,0.564565,0.071429,0.018461
0.345961,0.564355,0.071361,0.018323
0.346361,0.564161,0.071292,0.018185
0.346753,0.563978,0.071221,0.018047
0.347142,0.563801,0.071149,0.017908
0.34753,0.563626,0.071076,0.017768
0.347927,0.563445,0.070999,0.017628
0.348347,0.563245,0.07092,0.017488
0.348796,0.563016,0.070839,0.017348
0.349271,0.562763,0.070758,0.017209
0.349754,0.5625,0.070675,0.017071
0.350231,0.562244,0.070591,0.016935
0.350697,0.561997,0.070503,0.016803
0.351165,0.561751,0.070411,0.016674
0.351652,0.561486,0.070316,0.016546
0.35218,0.561186,0.070217,0.016417
0.352756,0.560841,0.070113,0.01629
0.353378,0.560452,0.070006,0.016164
0.354033,0.560032,0.069896,0.016039
0.354703,0.559597,0.069784,0.015915
0.355374,0.559161,0.069672,0.015793
0.356038,0.558731,0.06956,0.01567
0.356699,0.558302,0.069449,0.015549
0.357365,0.557864,0.069342,0.015429
0.358036,0.557416,0.069237,0.015311
0.358712,0.556959,0.069135,0.015194
0.359392,0.556496,0.069035,0.015077
0.360073,0.55603,0.068935,0.014962
0.360753,0.555566,0.068831,0.014851
0.361426,0.555108,0.068723,0.014744
0.362089,0.554659,0.068612,0.01464
0.36274,0.554217,0.068502,0.014541
0.363381,0.553778,0.068397,0.014444
0.364014,0.55334,0.068298,0.014348
0.364641,0.552903,0.068203,0.014252
0.36526,0.552472,0.068111,0.014157
0.36587,0.552049,0.068019,0.014061
0.36647,0.551637,0.067928,0.013965
0.367064,0.55123,0.067836,0.013871
0.367654,0.550826,0.067743,0.013778
0.368227,0.550438,0.067648,0.013687
0.368762,0.550089,0.067552,0.013597
0.369253,0.549785,0.067455,0.013507
0.369708,0.549516,0.067359,0.013417
0.370145,0.549263,0.067264,0.013329
0.370581,0.549005,0.067173,0.013241
0.371029,0.548731,0.067086,0.013153
0.371487,0.548444,0.067003,0.013066
0.371941,0.548161,0.066919,0.012979
0.372381,0.547892,0.066834,0.012893
0.372808,0.547633,0.066751,0.012808
0.373229,0.547375,0.066671,0.012725
0.373643,0.547122,0.066594,0.012641
0.374045,0.546878,0.066519,0.012558
0.374434,0.546643,0.066446,0.012477
0.374818,0.54641,0.066375,0.012397
0.375203,0.546172,0.066305,0.01232
0.375596,0.54592,0.066238,0.012246
0.375992,0.545662,0.066171,0.012175
0.376382,0.54541,0.066103,0.012106
0.376752,0.545181,0.066031,0.012036
0.377098,0.544981,0.065955,0.011966
0.377421,0.544806,0.065876,0.011896
0.377728,0.544645,0.065798,0.011829
0.378025,0.544487,0.065724,0.011763
0.37832,0.544328,0.065655,0.011698
0.378615,0.544163,0.06559,0.011632
0.378907,0.544,0.065526,0.011566
0.379193,0.543843,0.065462,0.011502
0.37948,0.543684,0.065397,0.011439
0.379776,0.543516,0.065329,0.011378
0.380085,0.543338,0.06526,0.011316
0.380401,0.543155,0.065188,0.011255
0.380717,0.542976,0.065113,0.011193
0.381024,0.542808,0.065037,0.011132
0.381324,0.542644,0.064962,0.01107
0.381628,0.542471,0.064892,0.011009
0.381937,0.542292,0.064823,0.010949
0.38224,0.542121,0.064752,0.010887
0.382525,0.541971,0.064679,0.010825
0.382789,0.541843,0.064605,0.010763
0.383047,0.541718,0.064534,0.010701
0.383317,0.541579,0.064466,0.010638
0.383605,0.54142,0.064401,0.010574
0.383901,0.54125,0.064339,0.01051
0.384197,0.541076,0.06428,0.010446
0.384502,0.54089,0.064223,0.010385
0.384825,0.540683,0.064167,0.010326
0.385162,0.540457,0.064113,0.010267
0.385507,0.540222,0.064063,0.010208
0.385855,0.539982,0.064016,0.010148
0.386204,0.539739,0.06397,0.010087
0.386547,0.539505,0.063923,0.010026
0.386874,0.539289,0.063873,0.009963
0.387178,0.5391,0.063821,0.009902
0.387458,0.538933,0.063767,0.009842
0.387728,0.538773,0.063714,0.009785
0.387996,0.538612,0.063662,0.00973
0.388261,0.538453,0.06361,0.009676
0.388522,0.5383,0.063557,0.009621
0.38878,0.538148,0.063505,0.009567
0.38904,0.53799,0.063456,0.009514
0.3893,0.537828,0.063408,0.009464
0.389556,0.537667,0.063361,0.009415
0.389804,0.537516,0.063314,0.009366
0.390043,0.537373,0.063268,0.009316
0.390275,0.537236,0.063224,0.009265
0.390506,0.537098,0.063183,0.009213
0.390747,0.536949,0.063144,0.00916
0.391006,0.536783,0.063105,0.009105
0.391286,0.536597,0.063066,0.009051
0.391583,0.536394,0.063026,0.008997
0.391883,0.536182,0.062986,0.008949
0.392177,0.535973,0.062945,0.008905
0.392465,0.535772,0.062898,0.008864
0.392756,0.535573,0.062846,0.008825
0.393058,0.535366,0.062791,0.008785
0.393375,0.535145,0.062734,0.008747
0.39371,0.534906,0.062676,0.008708
0.394063,0.534649,0.062617,0.008671
0.394429,0.534375,0.062561,0.008636
0.394796,0.534094,0.062506,0.008605
0.395151,0.533817,0.062453,0.008579
0.395491,0.533552,0.062401,0.008557
0.395823,0.533293,0.062348,0.008535
0.396163,0.533026,0.062297,0.008514
0.396521,0.532739,0.062247,0.008493
0.396895,0.532432,0.062199,0.008474
0.39728,0.532111,0.062151,0.008458
0.397666,0.531788,0.062099,0.008447
0.398043,0.531469,0.062046,0.008441
0.398413,0.531152,0.061997,0.008438
0.398776,0.530836,0.061951,0.008437
0.399126,0.53053,0.061906,0.008438
0.39946,0.53024,0.061862,0.008439
0.399778,0.529961,0.061818,0.008443
0.400087,0.529682,0.061781,0.008451
0.400387,0.529402,0.06175,0.008461
0.400676,0.52913,0.061722,0.008471
0.400953,0.528871,0.061696,0.00848
0.401228,0.528615,0.061669,0.008487
0.401508,0.528357,0.061642,0.008493
0.401788,0.5281,0.061613,0.008498
0.402056,0.527857,0.061584,0.008503
0.402306,0.527631,0.061555,0.008508
0.402543,0.527412,0.061529,0.008516
0.402781,0.527188,0.061506,0.008525
0.403028,0.52695,0.061486,0.008536
0.403281,0.526703,0.061467,0.008548
0.403537,0.526453,0.061449,0.00856
0.403795,0.526201,0.061432,0.008572
0.404055,0.525947,0.061414,0.008584
0.404322,0.525684,0.061397,0.008597
0.404606,0.525402,0.06138,0.008611
0.404912,0.5251,0.061364,0.008624
0.405235,0.524783,0.061347,0.008636
0.405565,0.524458,0.06133,0.008647
0.405894,0.524135,0.061314,0.008656
0.406219,0.523816,0.061301,0.008664
0.406533,0.523509,0.061287,0.008671
0.406819,0.523228,0.061274,0.008678
0.407068,0.522984,0.061261,0.008687
0.407291,0.522763,0.061249,0.008697
0.407505,0.52255,0.061236,0.008708
0.407697,0.522364,0.061219,0.00872
0.407839,0.522234,0.061196,0.00873
0.407928,0.522162,0.06117,0.008741
0.407982,0.522123,0.061143,0.008752
0.408026,0.522091,0.061118,0.008764
0.408081,0.522046,0.061097,0.008776
0.408154,0.521981,0.061078,0.008787
0.408235,0.52191,0.061058,0.008796
0.408309,0.521852,0.061036,0.008804
0.40837,0.521807,0.061011,0.008812
0.408425,0.52177,0.060985,0.00882
0.408476,0.521735,0.060958,0.00883
0.408527,0.521702,0.06093,0.008841
0.408581,0.521665,0.060903,0.008851
0.408632,0.521632,0.060876,0.00886
0.408669,0.521615,0.060848,0.008868
0.408689,0.521617,0.060819,0.008875
0.408697,0.521634,0.060789,0.008881
0.408697,0.521659,0.060757,0.008887
0.408695,0.521686,0.060726,0.008893
0.408694,0.521711,0.060696,0.008899
0.408702,0.521725,0.060668,0.008905
0.408728,0.521721,0.060642,0.00891
0.40877,0.521701,0.060616,0.008914
0.408826,0.521668,0.060588,0.008918
0.408896,0.521622,0.060559,0.008923
0.408974,0.521568,0.060529,0.008929
0.409049,0.521517,0.060499,0.008935
0.409113,0.521473,0.060472,0.008942
0.409175,0.52143,0.060448,0.008947
0.409243,0.521379,0.060428,0.008951
0.409313,0.521325,0.060409,0.008954
0.40938,0.521275,0.060388,0.008956
0.409444,0.521232,0.060365,0.00896
0.409505,0.521192,0.060339,0.008964
0.409566,0.521155,0.060311,0.008968
0.409625,0.521121,0.060281,0.008973
0.409684,0.521086,0.060252,0.008979
0.409743,0.52105,0.060221,0.008986
0.409803,0.521013,0.06019,0.008994
0.409862,0.520976,0.060157,0.009005
0.409919,0.520938,0.060124,0.009019
0.409978,0.520898,0.060089,0.009034
0.41004,0.520854,0.060057,0.00905
0.410103,0.520807,0.060026,0.009064
0.410161,0.520762,0.059998,0.009079
0.41021,0.520726,0.059969,0.009094
0.410251,0.520697,0.05994,0.009112
0.410293,0.520666,0.059909,0.009132
0.410343,0.520624,0.059878,0.009154
0.410403,0.520571,0.059847,0.00918
0.410465,0.520512,0.059815,0.009207
0.410532,0.52045,0.059782,0.009237
0.410597,0.520388,0.059749,0.009267
0.410652,0.520336,0.059715,0.009297
0.41071,0.52028,0.059683,0.009327
0.410789,0.520202,0.059652,0.009356
0.410891,0.5201,0.059622,0.009386
0.411011,0.519982,0.059591,0.009416
0.411148,0.519846,0.05956,0.009446
0.411307,0.519692,0.059528,0.009473
0.411486,0.51952,0.059494,0.0095
0.411679,0.519337,0.05946,0.009524
0.411876,0.519152,0.059425,0.009547
0.412069,0.518971,0.059391,0.009569
0.412264,0.518789,0.059358,0.009589
0.412465,0.518602,0.059324,0.009609
0.412673,0.518409,0.05929,0.009628
0.412886,0.518214,0.059252,0.009647
0.413107,0.518011,0.059213,0.009668
0.413338,0.517799,0.059174,0.009689
0.413567,0.51759,0.059133,0.00971
0.413781,0.517396,0.059092,0.00973
0.413978,0.517222,0.059051,0.00975
0.414158,0.517066,0.059007,0.009769
0.414325,0.516925,0.058962,0.009789
0.414482,0.516791,0.058916,0.009811
0.414634,0.516661,0.05887,0.009835
0.41478,0.516538,0.058822,0.00986
0.414919,0.516427,0.058771,0.009883
0.415048,0.516331,0.058718,0.009904
0.415162,0.516253,0.058663,0.009922
0.415257,0.516195,0.058609,0.00994
0.415327,0.516158,0.058558,0.009957
0.41538,0.516137,0.058507,0.009976
0.415431,0.516118,0.058455,0.009996
0.415489,0.516092,0.058403,0.010017
0.41555,0.516065,0.058348,0.010037
0.415607,0.516044,0.058293,0.010056
0.415656,0.516031,0.058239,0.010075
0.415693,0.516026,0.058187,0.010094
0.415718,0.51603,0.058138,0.010113
0.415731,0.516044,0.058093,0.010132
0.415737,0.516063,0.05805,0.01015
0.415742,0.516081,0.058009,0.010168
0.41575,0.516095,0.057969,0.010186
0.415757,0.51611,0.05793,0.010203
0.415763,0.516124,0.057892,0.010221
0.415769,0.516136,0.057857,0.010238
0.415775,0.516145,0.057826,0.010254
0.415783,0.516152,0.057796,0.010269
0.415787,0.516162,0.057767,0.010284
0.415783,0.516184,0.057736,0.010297
0.41577,0.516219,0.057702,0.010309
0.415753,0.516262,0.057665,0.010319
0.415741,0.516304,0.057626,0.010329
0.415737,0.516338,0.057587,0.010338
0.41574,0.516365,0.05755,0.010345
0.415747,0.516388,0.057513,0.010352
0.415753,0.516414,0.057476,0.010357
0.415756,0.516444,0.057438,0.010362
0.41576,0.516477,0.057398,0.010366
0.415765,0.516513,0.057355,0.010368
0.415767,0.516556,0.057309,0.010368
0.415764,0.516608,0.057261,0.010367
0.415764,0.516659,0.057212,0.010365
0.415783,0.516691,0.057164,0.010362
0.41583,0.516696,0.057116,0.010357
0.415904,0.516677,0.057067,0.010353
0.415994,0.516642,0.057017,0.010347
0.416091,0.516604,0.056965,0.01034
0.416188,0.516566,0.056914,0.010332
0.416285,0.516529,0.056863,0.010323
0.416379,0.516495,0.056813,0.010313
0.416466,0.516466,0.056765,0.010302
0.416544,0.516445,0.056721,0.01029
0.416612,0.516429,0.05668,0.010278
0.416675,0.516415,0.056643,0.010267
0.416738,0.516399,0.056606,0.010257
0.416801,0.516385,0.056568,0.010246
0.41686,0.516377,0.056528,0.010235
0.416913,0.516375,0.056488,0.010225
0.41696,0.516376,0.056449,0.010215
0.417006,0.516376,0.056414,0.010205
0.417047,0.51638,0.05638,0.010194
0.417073,0.516399,0.056346,0.010182
0.417087,0.516431,0.056311,0.01017
0.417097,0.516467,0.056277,0.010159
0.417094,0.516513,0.056244,0.010148
0.417068,0.516585,0.056211,0.010136
0.417024,0.516677,0.056176,0.010123
0.416978,0.516773,0.05614,0.010109
0.416936,0.516862,0.056107,0.010095
0.416892,0.516946,0.056081,0.01008
0.416847,0.517025,0.056063,0.010065
0.416806,0.517094,0.056052,0.010048
0.416766,0.517158,0.056045,0.01003
0.41673,0.517218,0.056039,0.010013
0.416698,0.517273,0.056034,0.009995
0.416669,0.517321,0.056033,0.009977
0.41664,0.517362,0.056038,0.00996
0.416613,0.517394,0.05605,0.009943
0.416591,0.517415,0.056066,0.009928
0.416572,0.517431,0.056084,0.009914
0.416553,0.517445,0.056102,0.0099
0.41653,0.517461,0.056122,0.009887
0.416502,0.517479,0.056143,0.009875
0.41647,0.517499,0.056165,0.009866
0.416436,0.517517,0.05619,0.009857
0.416402,0.517533,0.056216,0.009849
0.416367,0.517549,0.056243,0.009841
0.416328,0.51757,0.056268,0.009835
0.41628,0.517601,0.05629,0.00983
0.41622,0.517644,0.056309,0.009827
0.416151,0.517697,0.056326,0.009826
0.416082,0.517751,0.056341,0.009825
0.416024,0.517796,0.056356,0.009824
0.415987,0.517819,0.056373,0.009822
0.415974,0.517818,0.05639,0.009818
0.415974,0.517806,0.056406,0.009814
0.415973,0.517796,0.056422,0.009809
0.415965,0.517789,0.056439,0.009806
0.415953,0.517778,0.05646,0.009808
0.41594,0.51776,0.056483,0.009817
0.415926,0.517738,0.056506,0.00983
0.41591,0.517715,0.056528,0.009848
0.415891,0.517692,0.056551,0.009866
0.415872,0.517669,0.056575,0.009884
0.415856,0.517644,0.056598,0.009902
0.415843,0.517615,0.056621,0.009922
0.415828,0.517584,0.056643,0.009945
0.415809,0.517554,0.056666,0.009971
0.415787,0.517524,0.05669,0.009998
0.415767,0.517489,0.056717,0.010027
0.415754,0.517446,0.056745,0.010055
0.415754,0.51739,0.056774,0.010082
0.41577,0.517318,0.056805,0.010107
0.415805,0.517228,0.056834,0.010133
0.415855,0.517125,0.056863,0.010157
0.415908,0.51702,0.05689,0.010182
0.415954,0.516925,0.056915,0.010206
0.415985,0.516848,0.056936,0.01023
0.415999,0.516794,0.056953,0.010254
0.416002,0.516754,0.056967,0.010277
0.415999,0.516721,0.05698,0.0103
0.41599,0.516698,0.056991,0.010322
0.415972,0.516687,0.056999,0.010343
0.415947,0.516684,0.057005,0.010363
0.415921,0.516684,0.057012,0.010383
0.415893,0.516687,0.057018,0.010401
0.415861,0.516698,0.057023,0.010419
0.415825,0.516714,0.057027,0.010435
0.415789,0.51673,0.057031,0.010451
0.415758,0.51674,0.057037,0.010466
0.415732,0.516742,0.057046,0.010481
0.415708,0.516739,0.057058,0.010495
0.415681,0.516737,0.057073,0.010509
0.415648,0.516741,0.05709,0.010521
0.415609,0.516751,0.057107,0.010532
0.415563,0.516768,0.057125,0.010545
0.415515,0.516785,0.057141,0.010558
0.415471,0.516801,0.057156,0.010572
0.41543,0.516814,0.05717,0.010586
0.415391,0.516827,0.057184,0.010599
0.415352,0.516839,0.057197,0.010612
0.415308,0.516858,0.05721,0.010624
0.415255,0.516886,0.057224,0.010636
0.415198,0.516915,0.057241,0.010647
0.415145,0.516935,0.057261,0.010659
0.4151,0.516947,0.057283,0.01067
0.415063,0.516952,0.057306,0.01068
0.415035,0.516947,0.057328,0.010689
0.415019,0.516932,0.057349,0.010699
0.415011,0.516913,0.057367,0.010709
0.415003,0.516894,0.057382,0.010721
0.414994,0.516875,0.057396,0.010734
0.414982,0.516857,0.057412,0.010748
0.414963,0.516845,0.057432,0.010761
0.414933,0.516841,0.057454,0.010772
0.414897,0.516841,0.057479,0.010782
0.414866,0.516838,0.057504,0.010792
0.414842,0.516828,0.057528,0.010802
0.414826,0.516811,0.05755,0.010812
0.414811,0.51679,0.057575,0.010823
0.414789,0.516772,0.057604,0.010835
0.414749,0.516769,0.057635,0.010847
0.414687,0.516789,0.057665,0.01086
0.414605,0.516831,0.057691,0.010872
0.414512,0.516887,0.057716,0.010885
0.414418,0.516944,0.057739,0.010898
0.414328,0.516998,0.057764,0.01091
0.414237,0.517051,0.057791,0.010921
0.414139,0.517108,0.057821,0.010932
0.414033,0.517169,0.057855,0.010943
0.413928,0.517229,0.05789,0.010953
0.413826,0.517282,0.057929,0.010963
0.413719,0.517335,0.057972,0.010973
0.413601,0.517398,0.058018,0.010982
0.413477,0.517467,0.058065,0.010991
0.413362,0.517528,0.058111,0.010999
0.413275,0.517563,0.058154,0.011008
0.413227,0.517564,0.058192,0.011017
0.413216,0.517537,0.05822,0.011027
0.413235,0.51749,0.058238,0.011037
0.413269,0.517429,0.058252,0.011049
0.413315,0.517356,0.058268,0.011061
0.413384,0.517262,0.058284,0.011071
0.413484,0.517141,0.058296,0.011079
0.413612,0.517,0.058302,0.011085
0.413758,0.516849,0.058301,0.011092
0.413913,0.516694,0.058294,0.011099
0.41407,0.516537,0.058287,0.011107
0.414217,0.516388,0.058281,0.011114
0.414354,0.51625,0.058276,0.01112
0.414485,0.516117,0.058273,0.011125
0.41462,0.515977,0.058272,0.011132
0.414766,0.515824,0.058271,0.011139
0.414923,0.515662,0.058269,0.011146
0.41509,0.515493,0.058265,0.011152
0.415259,0.515322,0.058261,0.011158
0.415421,0.515162,0.058255,0.011163
0.415566,0.515021,0.058246,0.011168
0.415699,0.514893,0.058237,0.011172
0.415838,0.51476,0.058227,0.011174
0.415994,0.514611,0.058218,0.011177
0.416153,0.514459,0.058207,0.011181
0.416306,0.514314,0.058195,0.011186
0.416456,0.514169,0.058183,0.011192
0.416615,0.514016,0.058171,0.011198
0.416787,0.513851,0.058158,0.011204
0.416972,0.513674,0.058144,0.011211
0.417163,0.513492,0.058129,0.011217
0.41735,0.513313,0.058114,0.011224
0.417528,0.513142,0.0581,0.01123
0.417698,0.512979,0.058087,0.011236
0.417862,0.512822,0.058075,0.011241
0.418023,0.51267,0.058062,0.011245
0.418184,0.512519,0.058048,0.011249
0.418345,0.512365,0.058036,0.011255
0.4185,0.512211,0.058028,0.011261
0.41864,0.512068,0.058025,0.011268
0.418761,0.511941,0.058024,0.011274
0.418866,0.511831,0.058023,0.01128
0.418963,0.511731,0.058021,0.011285
0.419063,0.511628,0.058019,0.011289
0.41917,0.511517,0.05802,0.011292
0.419285,0.511399,0.058021,0.011294
0.419406,0.511278,0.058022,0.011295
0.41953,0.511153,0.058022,0.011295
0.419653,0.511028,0.058025,0.011295
0.419773,0.510904,0.058029,0.011294
0.419891,0.510783,0.058034,0.011293
0.420003,0.510669,0.058037,0.011291
0.420107,0.510566,0.058037,0.011291
0.4202,0.510474,0.058034,0.011292
0.420282,0.510398,0.058028,0.011292
0.420353,0.510337,0.058018,0.011292
0.42043,0.510272,0.058007,0.011292
0.420533,0.510182,0.057993,0.011292
0.420659,0.510072,0.057976,0.011293
0.420791,0.509961,0.057954,0.011294
0.420911,0.509869,0.057926,0.011294
0.42101,0.509805,0.057892,0.011292
0.421085,0.509769,0.057857,0.01129
0.421145,0.509746,0.057822,0.011287
0.421203,0.509722,0.057789,0.011286
0.421257,0.509703,0.057755,0.011285
0.421303,0.509689,0.057722,0.011285
0.421346,0.509677,0.057692,0.011285
0.421384,0.509667,0.057664,0.011285
0.421417,0.509661,0.057635,0.011287
0.42145,0.509656,0.057606,0.011288
0.421479,0.509653,0.057579,0.011288
0.42149,0.509669,0.057553,0.011288
0.421469,0.509718,0.057526,0.011287
0.421416,0.509804,0.057495,0.011285
0.42134,0.509918,0.05746,0.011282
0.421262,0.510036,0.057423,0.011279
0.421195,0.510144,0.057385,0.011276
0.421135,0.510246,0.057346,0.011273
0.42107,0.510355,0.057305,0.01127
0.420997,0.510476,0.057263,0.011265
0.420928,0.510593,0.057219,0.011259
0.420884,0.510689,0.057174,0.011253
0.420872,0.510756,0.057126,0.011246
0.420888,0.510797,0.057075,0.01124
0.420921,0.51082,0.057023,0.011236
0.42096,0.510835,0.05697,0.011234
0.421001,0.510848,0.056918,0.011234
0.421039,0.51086,0.056867,0.011234
0.421076,0.510872,0.056819,0.011233
0.421113,0.510882,0.056774,0.01123
0.421144,0.510899,0.05673,0.011227
0.421164,0.510929,0.056685,0.011222
0.42118,0.510968,0.056637,0.011216
0.421199,0.511005,0.056587,0.011209
0.421229,0.511035,0.056535,0.011201
0.421268,0.511058,0.056481,0.011193
0.421312,0.511077,0.056426,0.011185
0.421357,0.511095,0.056371,0.011177
0.421401,0.511112,0.056318,0.011169
0.421447,0.511126,0.056266,0.011161
0.4215,0.511131,0.056216,0.011152
0.421567,0.511119,0.05617,0.011143
0.421646,0.511092,0.056127,0.011135
0.421728,0.51106,0.056085,0.011127
0.421807,0.511033,0.056041,0.01112
0.421898,0.510995,0.055995,0.011112
0.422027,0.510925,0.055945,0.011103
0.422203,0.510811,0.055894,0.011093
0.422421,0.510658,0.05584,0.011082
0.422666,0.51048,0.055784,0.01107
0.422921,0.510295,0.055727,0.011057
0.423175,0.510111,0.05567,0.011044
0.423433,0.509922,0.055614,0.011031
0.423701,0.509722,0.055561,0.011016
0.423983,0.509508,0.055509,0.011001
0.424276,0.509283,0.055457,0.010985
0.42457,0.509058,0.055404,0.010968
0.424857,0.50884,0.055352,0.010951
0.425145,0.508619,0.055301,0.010934
0.425438,0.508391,0.055253,0.010918
0.425732,0.508158,0.055207,0.010902
0.426021,0.507931,0.055161,0.010887
0.426303,0.507711,0.055114,0.010871
0.426578,0.5075,0.055068,0.010855
0.426848,0.507293,0.055021,0.010838
0.427119,0.507085,0.054975,0.01082
0.427394,0.506873,0.05493,0.010804
0.427674,0.506654,0.054884,0.010788
0.427959,0.50643,0.054838,0.010773
0.428246,0.506203,0.054793,0.010758
0.428529,0.505979,0.05475,0.010742
0.428811,0.505754,0.054709,0.010726
0.429098,0.505524,0.054669,0.010709
0.429395,0.505283,0.054629,0.010693
0.429702,0.505033,0.054587,0.010678
0.430011,0.50478,0.054545,0.010664
0.430316,0.504532,0.054502,0.01065
0.430617,0.504287,0.054461,0.010635
0.430914,0.504044,0.054422,0.01062
0.431204,0.503806,0.054384,0.010606
0.431491,0.503572,0.054347,0.01059
0.431777,0.50334,0.054308,0.010575
0.432054,0.503118,0.054267,0.010561
0.43231,0.502921,0.054222,0.010548
0.432536,0.502756,0.054172,0.010536
0.432739,0.502618,0.05412,0.010522
0.432932,0.502491,0.054068,0.010509
0.433125,0.502362,0.054019,0.010494
0.433313,0.502236,0.053972,0.01048
0.433492,0.502119,0.053925,0.010464
0.433667,0.502007,0.05388,0.010446
0.433843,0.501897,0.053832,0.010428
0.434022,0.501785,0.053784,0.010409
0.434202,0.501671,0.053736,0.010391
0.434381,0.501554,0.053691,0.010374
0.434567,0.501427,0.05365,0.010356
0.434775,0.501275,0.053612,0.010337
0.435016,0.501088,0.053577,0.010318
0.435286,0.500871,0.053543,0.0103
0.435571,0.500638,0.05351,0.010281
0.435861,0.5004,0.053476,0.010263
0.43616,0.500153,0.053444,0.010244
0.436471,0.499894,0.05341,0.010225
0.43679,0.49963,0.053373,0.010207
0.437112,0.499362,0.053335,0.010191
0.437436,0.499092,0.053296,0.010177
0.437756,0.498825,0.053256,0.010163
0.438072,0.498563,0.053216,0.010149
0.438386,0.498303,0.053176,0.010135
0.438698,0.498044,0.053136,0.010121
0.439003,0.497794,0.053097,0.010106
0.439291,0.497561,0.053059,0.010088
0.439561,0.497349,0.053021,0.010069
0.439819,0.497149,0.052984,0.010049
0.440071,0.496954,0.052946,0.010028
0.440316,0.496766,0.05291,0.010008
0.440552,0.496583,0.052876,0.009988
0.440783,0.496406,0.052842,0.009968
0.441014,0.496228,0.052811,0.009948
0.441246,0.496046,0.052781,0.009927
0.441481,0.495861,0.052752,0.009906
0.441722,0.49567,0.052723,0.009885
0.441971,0.495473,0.052693,0.009863
0.442227,0.495267,0.052665,0.009842
0.442485,0.495053,0.052641,0.009821
0.44274,0.494838,0.052621,0.009801
0.442987,0.494625,0.052606,0.009781
0.443227,0.494419,0.052594,0.009761
0.443459,0.494218,0.052581,0.009742
0.443688,0.494021,0.052567,0.009724
0.443918,0.493823,0.052551,0.009708
0.444149,0.493624,0.052534,0.009693
0.444377,0.493429,0.052515,0.009679
0.444594,0.493247,0.052494,0.009665
0.444796,0.493082,0.052471,0.009651
0.444988,0.492925,0.052448,0.009639
0.445178,0.492766,0.052425,0.009631
0.445367,0.492603,0.052403,0.009627
0.445552,0.49244,0.052381,0.009628
0.445733,0.492279,0.052358,0.00963
0.445903,0.492128,0.052336,0.009633
0.44606,0.49199,0.052315,0.009635
0.446204,0.491863,0.052296,0.009637
0.446323,0.49176,0.052278,0.00964
0.4464,0.491701,0.052256,0.009643
0.446434,0.491687,0.052232,0.009648
0.446446,0.491696,0.052206,0.009652
0.446455,0.491709,0.052181,0.009655
0.446459,0.491729,0.052155,0.009658
0.446452,0.491761,0.052128,0.009659
0.446445,0.49179,0.052104,0.009661
0.446457,0.491796,0.052083,0.009664
0.446499,0.491769,0.052064,0.009668
0.446569,0.491714,0.052047,0.009671
0.446654,0.491644,0.052029,0.009673
0.446742,0.491573,0.052009,0.009677
0.446829,0.491501,0.051988,0.009682
0.446917,0.491425,0.051968,0.009691
0.447005,0.491346,0.051948,0.009701
0.447091,0.491269,0.051928,0.009712
0.447175,0.491196,0.051907,0.009722
0.447257,0.491127,0.051884,0.009732
0.447338,0.491061,0.051859,0.009743
0.447421,0.490993,0.051834,0.009753
0.447513,0.490915,0.05181,0.009762
0.447615,0.490825,0.051789,0.009771
0.447724,0.490725,0.05177,0.009781
0.447835,0.490622,0.051752,0.00979
0.447947,0.490518,0.051735,0.0098
0.448058,0.490412,0.051718,0.009811
0.448167,0.490307,0.051702,0.009825
0.448275,0.490201,0.051686,0.009838
0.448386,0.490089,0.051673,0.009852
0.448504,0.489969,0.051662,0.009865
0.448634,0.489836,0.05165,0.009879
0.448775,0.489694,0.051637,0.009894
0.448916,0.489551,0.051623,0.00991
0.449052,0.489413,0.05161,0.009926
0.44919,0.489272,0.051595,0.009943
0.449346,0.489116,0.051579,0.009959
0.449526,0.488938,0.051563,0.009974
0.449724,0.488739,0.051548,0.009989
0.449935,0.488525,0.051536,0.010004
0.450153,0.488301,0.051528,0.010019
0.450374,0.488074,0.051519,0.010033
0.450591,0.487853,0.05151,0.010046
0.4508,0.48764,0.051501,0.010059
0.451006,0.48743,0.051492,0.010072
0.451215,0.487216,0.051484,0.010085
0.451429,0.486998,0.051475,0.010097
0.451647,0.486779,0.051464,0.01011
0.451867,0.48656,0.051451,0.010121
0.452085,0.486344,0.051437,0.010134
0.4523,0.486131,0.051422,0.010147
0.452512,0.485919,0.051407,0.010161
0.452725,0.485706,0.051394,0.010175
0.45294,0.485487,0.051383,0.010189
0.453147,0.485274,0.051375,0.010204
0.453332,0.485084,0.051365,0.010218
0.453494,0.484921,0.051354,0.010231
0.453644,0.484772,0.051342,0.010242
0.453788,0.484631,0.051329,0.010253
0.453923,0.4845,0.051313,0.010263
0.454049,0.48438,0.051297,0.010273
0.454173,0.484262,0.051282,0.010283
0.454305,0.484133,0.051269,0.010293
0.454449,0.48399,0.051258,0.010303
0.454596,0.483845,0.051247,0.010313
0.454737,0.483707,0.051235,0.010322
0.45487,0.483576,0.051223,0.010331
0.455001,0.483445,0.051213,0.01034
0.455139,0.483305,0.051206,0.010349
0.455289,0.483151,0.051203,0.010357
0.45545,0.482982,0.051204,0.010364
0.45562,0.482803,0.051206,0.01037
0.455797,0.482618,0.051209,0.010375
0.455978,0.482429,0.051214,0.01038
0.456159,0.482239,0.051219,0.010383
0.456342,0.482048,0.051225,0.010385
0.456539,0.481846,0.051229,0.010386
0.456758,0.481624,0.051232,0.010386
0.456998,0.481384,0.051233,0.010384
0.457247,0.481139,0.051233,0.010382
0.457491,0.480898,0.051233,0.010378
0.457737,0.480657,0.051233,0.010373
0.457996,0.480404,0.051232,0.010368
0.458276,0.480133,0.05123,0.010361
0.458573,0.479849,0.051226,0.010352
0.458868,0.479569,0.051221,0.010343
0.459149,0.479302,0.051216,0.010333
0.45942,0.479041,0.051215,0.010324
0.45969,0.478775,0.051217,0.010318
0.459964,0.478501,0.051221,0.010314
0.460233,0.478228,0.051226,0.010313
0.46049,0.477966,0.051231,0.010312
0.460739,0.477711,0.051237,0.010313
0.460991,0.477451,0.051242,0.010317
0.461253,0.47718,0.051244,0.010323
0.461519,0.476906,0.051244,0.010331
0.461778,0.476644,0.05124,0.010338
0.462026,0.476395,0.051235,0.010344
0.462273,0.476149,0.051227,0.01035
0.462531,0.475895,0.051219,0.010355
0.462799,0.475632,0.051211,0.010358
0.46307,0.475366,0.051202,0.010361
0.463341,0.4751,0.051194,0.010364
0.463611,0.474833,0.051188,0.010368
0.463876,0.474571,0.051182,0.010371
0.464135,0.474314,0.051177,0.010374
0.464392,0.474061,0.05117,0.010376
0.464648,0.47381,0.051165,0.010378
0.464899,0.473561,0.051161,0.010379
0.465145,0.473316,0.051159,0.01038
0.465391,0.473072,0.051156,0.010381
0.465636,0.472828,0.051153,0.010383
0.465882,0.472583,0.051149,0.010386
0.46613,0.472337,0.051144,0.010388
0.466384,0.472085,0.051139,0.010391
0.466645,0.471827,0.051135,0.010394
0.46691,0.471562,0.051131,0.010398
0.467173,0.471298,0.051127,0.010402
0.467427,0.471043,0.051122,0.010407
0.467667,0.470805,0.051116,0.010412
0.467894,0.470583,0.051107,0.010416
0.468112,0.47037,0.051098,0.010419
0.468326,0.470162,0.05109,0.010422
0.468526,0.469966,0.051083,0.010425
0.468704,0.469791,0.051075,0.01043
0.468866,0.469632,0.051068,0.010435
0.469021,0.469474,0.051064,0.010441
0.469174,0.469314,0.051063,0.010448
0.469326,0.469156,0.051062,0.010456
0.469474,0.469003,0.05106,0.010463
0.469614,0.468859,0.051056,0.010472
0.469745,0.468723,0.051052,0.01048
0.469868,0.468596,0.051048,0.010488
0.469977,0.468482,0.051046,0.010495
0.47007,0.468383,0.051046,0.0105
0.470152,0.468295,0.051048,0.010505
0.470231,0.46821,0.051052,0.010508
0.470315,0.468121,0.051055,0.01051
0.470412,0.468021,0.051056,0.010511
0.470522,0.46791,0.051057,0.010512
0.470637,0.467795,0.051055,0.010512
0.470749,0.467686,0.051053,0.010512
0.470854,0.467582,0.051052,0.010512
0.470954,0.46748,0.051053,0.010512
0.471053,0.467377,0.051057,0.010513
0.471153,0.467272,0.051062,0.010513
0.471254,0.467165,0.051067,0.010513
0.471358,0.467053,0.051074,0.010515
0.471462,0.466938,0.051082,0.010518
0.471564,0.466824,0.05109,0.010521
0.471664,0.466713,0.051098,0.010525
0.471762,0.466603,0.051105,0.01053
0.471856,0.466495,0.051111,0.010539
0.47194,0.466394,0.051115,0.01055
0.472013,0.466304,0.051118,0.010565
0.472077,0.466222,0.051122,0.01058
0.472138,0.46614,0.051127,0.010595
0.472199,0.466055,0.051135,0.010611
0.472266,0.46596,0.051146,0.010628
0.472341,0.465852,0.051162,0.010645
0.472423,0.465736,0.051179,0.010662
0.472504,0.46562,0.051196,0.01068
0.472581,0.465511,0.05121,0.010698
0.472652,0.465407,0.051225,0.010716
0.472721,0.465302,0.051243,0.010734
0.472786,0.465201,0.05126,0.010752
0.472843,0.465109,0.051278,0.010771
0.472887,0.46503,0.051294,0.010788
0.47292,0.464966,0.05131,0.010805
0.47294,0.464915,0.051323,0.010821
0.472951,0.464874,0.051337,0.010839
0.472955,0.464836,0.051351,0.010858
0.472958,0.464796,0.051367,0.010879
0.47296,0.464754,0.051385,0.010901
0.47296,0.46471,0.051406,0.010924
0.472959,0.464668,0.051428,0.010946
0.472957,0.464626,0.051451,0.010966
0.472963,0.464578,0.051474,0.010985
0.472973,0.464528,0.051496,0.011003
0.472966,0.464497,0.051516,0.011022
0.472925,0.464501,0.051534,0.011039
0.472852,0.464542,0.05155,0.011056
0.472759,0.464605,0.051565,0.011071
0.472659,0.464679,0.051577,0.011085
0.472559,0.464752,0.05159,0.011098
0.472474,0.464809,0.051605,0.011111
0.47242,0.464836,0.05162,0.011124
0.472404,0.464826,0.051634,0.011135
0.472428,0.464781,0.051645,0.011145
0.472488,0.464704,0.051653,0.011154
0.472571,0.464606,0.05166,0.011163
0.472666,0.464499,0.051665,0.01117
0.472762,0.46439,0.05167,0.011178
0.472859,0.46428,0.051675,0.011186
0.472959,0.46417,0.051677,0.011194
0.473067,0.464056,0.051676,0.011201
0.473194,0.463925,0.051673,0.011208
0.473354,0.463763,0.051669,0.011215
0.473545,0.463571,0.051661,0.011222
0.47375,0.463367,0.051652,0.011231
0.473952,0.463165,0.051643,0.011239
0.474162,0.462955,0.051638,0.011245
0.474395,0.462719,0.051635,0.01125
0.474658,0.462452,0.051636,0.011254
0.474951,0.462157,0.051637,0.011256
0.475261,0.461845,0.051637,0.011257
0.475573,0.461533,0.051636,0.011258
0.475877,0.461228,0.051634,0.01126
0.476175,0.460929,0.051633,0.011263
0.476476,0.460627,0.051632,0.011265
0.476788,0.460315,0.051632,0.011266
0.476698,0.460354,0.051672,0.011275
0.476611,0.46039,0.051715,0.011284
0.476532,0.460416,0.051758,0.011293
0.476461,0.460434,0.051804,0.011301
0.476396,0.460443,0.051851,0.01131
0.476336,0.460446,0.051899,0.011319
0.476277,0.460451,0.051945,0.011327
0.476214,0.460462,0.051989,0.011335
0.476149,0.460478,0.05203,0.011343
0.476084,0.460496,0.052069,0.011351
0.476027,0.460509,0.052106,0.011358
0.475979,0.460514,0.052142,0.011364
0.475943,0.46051,0.052177,0.01137
0.475914,0.460498,0.052211,0.011376
0.475894,0.460479,0.052244,0.011383
0.47588,0.460454,0.052276,0.01139
0.47587,0.460424,0.052306,0.011399
0.475862,0.460395,0.052335,0.011408
0.475849,0.460372,0.052361,0.011418
0.47583,0.460358,0.052385,0.011427
0.475811,0.460345,0.052408,0.011436
0.475788,0.460336,0.052431,0.011446
0.475754,0.460337,0.052453,0.011455
0.47571,0.460349,0.052476,0.011465
0.475665,0.460364,0.052498,0.011473
0.475613,0.460386,0.05252,0.011481
0.475541,0.460428,0.052542,0.011489
0.475445,0.460493,0.052567,0.011495
0.475338,0.46057,0.052591,0.011502
0.475231,0.460648,0.052614,0.011508
0.475124,0.460725,0.052637,0.011513
0.475014,0.460807,0.052662,0.011518
0.474901,0.46089,0.052687,0.011522
0.474792,0.460972,0.052712,0.011524
0.474684,0.461054,0.052736,0.011526
0.474572,0.461141,0.05276,0.011526
0.474457,0.461232,0.052785,0.011526
0.474343,0.46132,0.052812,0.011524
0.474239,0.461401,0.052839,0.011522
0.474144,0.461472,0.052864,0.011519
